450
{8017, 4628, 3615, 3603, 2892, 2781, 2616, 2099, 2385, 2286, 1702, 1789, 2149, 1817, 1668, 1933, 1594, 1766, 1803, 1447, 1643, 1741, 1470, 1350, 1529, 1374, 1431, 1426, 1190, 1408, 1413, 1073, 1160, 1429, 1228, 1151, 1361, 1144, 1271, 1316, 1072, 1235, 1332, 1129, 1052, 1195, 1077, 1135, 1142, 955, 1144, 1148, 881, 960, 1178, 1022, 965, 1145, 965, 1082, 1132, 916, 1067, 1146, 971, 907, 1050, 938, 983, 997, 840, 1003, 1006, 778, 854, 1054, 910, 859, 1028, 858, 968, 1015, 821, 950, 1036, 878, 821, 947, 855, 901, 909, 765, 912, 925, 713, 784, 970, 838, 793, 948}
{795, 896, 941, 761, 887, 962, 815, 764, 880, 797, 840, 851, 716, 860, 868, 668, 740, 906, 783, 743, 891, 749, 839, 882, 717, 833, 908, 770, 720, 834, 752, 794, 804, 675, 815, 822, 633, 698, 864, 745, 711, 844, 713, 805, 845, 684, 793, 862, 732, 688, 801, 718, 759, 771, 645, 773, 780, 606, 664, 822, 712, 677, 813, 684, 771, 811, 655, 766, 834, 705, 669, 766, 691, 728, 740, 623, 751, 761, 583, 647, 800, 689, 656, 787, 660, 751, 779, 633, 741, 802, 684, 642, 740, 667, 711, 720, 605, 726, 736, 565}
{630, 777, 671, 636, 764, 642, 722, 763, 617, 720, 783, 665, 622, 727, 650, 693, 697, 587, 708, 716, 552, 614, 754, 651, 619, 746, 627, 704, 741, 599, 697, 760, 649, 608, 711, 636, 673, 682, 574, 688, 697, 539, 595, 739, 637, 610, 726, 613, 694, 729, 587, 683, 744, 635, 597, 693, 623, 657, 669, 561, 674, 686, 527, 582, 725, 625, 597, 709, 598, 683, 715, 577, 672, 736, 623, 587, 678, 610, 644, 658, 553, 660, 674, 518, 577, 713, 611, 584, 702, 589, 668, 702, 565, 660, 722, 613, 574, 670, 600, 638}
{648, 542, 652, 662, 509, 569, 699, 605, 577, 691, 580, 654, 693, 559, 651, 713, 604, 566, 662, 592, 626, 639, 536, 642, 655, 502, 555, 690, 596, 568, 682, 572, 645, 679, 549, 641, 699, 594, 557, 652, 582, 616, 631, 528, 632, 647, 496, 547, 682, 588, 563, 673, 565, 637, 671, 543, 633, 690, 588, 552, 642, 576, 610, 621, 522, 630, 638, 489, 542, 671, 581, 558, 667, 557, 629, 668, 537, 626, 683, 581, 546, 638, 569, 603, 612, 517, 618, 627, 485, 535, 668, 576, 551, 659, 552, 624, 660, 532, 621, 680}
{576, 542, 632, 564, 596, 608, 511, 616, 628, 480, 532, 660, 570, 546, 648, 546, 619, 655, 528, 614, 676, 570, 537, 626, 558, 592, 603, 508, 611, 618, 474, 527, 655, 564, 539, 648, 542, 614, 645, 523, 612, 666, 565, 532, 621, 554, 589, 600, 502, 602, 616, 470, 521, 650, 560, 537, 643, 537, 612, 644, 519, 606, 660, 561, 527, 616, 550, 586, 596, 498, 600, 612, 468, 517, 647, 556, 530, 637, 534, 601, 639, 514, 602, 659, 555, 524, 611, 544, 580, 593, 496, 595, 606, 464, 517, 643, 551, 527, 630, 529}
{598, 634, 511, 597, 654, 553, 520, 609, 541, 573, 589, 492, 591, 599, 461, 517, 634, 548, 525, 626, 526, 596, 632, 508, 595, 651, 550, 516, 601, 538, 576, 585, 489, 591, 595, 458, 509, 634, 546, 521, 627, 523, 592, 625, 506, 591, 646, 547, 519, 601, 534, 568, 583, 487, 584, 595, 456, 506, 632, 541, 520, 622, 518, 589, 626, 503, 588, 645, 544, 512, 599, 532, 570, 578, 483, 582, 591, 453, 506, 629, 540, 517, 620, 517, 590, 623, 501, 586, 643, 540, 511, 596, 530, 563, 578, 482, 579, 592, 451, 501}
{623, 536, 513, 616, 514, 587, 620, 498, 586, 639, 537, 507, 594, 529, 567, 575, 480, 580, 590, 450, 499, 624, 534, 511, 616, 513, 583, 614, 497, 581, 637, 535, 510, 590, 527, 561, 573, 478, 578, 587, 449, 497, 622, 532, 513, 613, 511, 583, 616, 496, 579, 631, 533, 505, 589, 524, 559, 568, 477, 574, 586, 447, 496, 615, 530, 512, 611, 509, 578, 613, 493, 577, 632, 532, 507, 587, 523, 556, 569, 474, 573, 582, 446, 497, 617, 529, 510, 610, 509, 577, 611, 492, 575, 629, 530, 502, 586, 522, 557, 566}
{473, 571, 581, 445, 493, 616, 528, 509, 603, 507, 579, 608, 491, 573, 629, 529, 499, 584, 520, 552, 566, 472, 569, 580, 443, 496, 610, 527, 506, 606, 506, 573, 604, 490, 573, 624, 528, 498, 582, 519, 551, 562, 470, 565, 578, 442, 493, 612, 524, 504, 603, 505, 575, 606, 488, 570, 623, 527, 497, 577, 518, 550, 562, 469, 566, 572, 443, 493, 611, 523, 505, 602, 504, 571, 605, 488, 570, 623, 524, 496, 576, 517, 549, 560, 469, 563, 575, 442, 495, 609, 523, 501, 601, 503, 569, 603, 486, 568, 619, 525}
{497, 573, 516, 552, 559, 466, 563, 573, 441, 488, 605, 521, 499, 598, 502, 570, 600, 484, 569, 620, 523, 496, 574, 515, 546, 558, 467, 567, 572, 440, 486, 607, 521, 503, 593, 501, 568, 598, 484, 569, 616, 522, 495, 569, 514, 545, 557, 466, 561, 570, 439, 486, 606, 520, 500, 597, 499, 566, 599, 483, 564, 617, 521, 491, 572, 513, 545, 555, 466, 562, 566, 439, 485, 602, 519, 498, 592, 499, 564, 595, 484, 564, 612, 521, 492, 572, 513, 544, 553, 465, 558, 568, 438, 490, 603, 518, 496, 589, 499, 564}
{593, 483, 567, 615, 521, 492, 571, 512, 542, 552, 464, 557, 566, 437, 483, 598, 519, 495, 589, 498, 563, 595, 481, 561, 611, 521, 489, 568, 512, 542, 549, 464, 558, 563, 438, 488, 601, 517, 497, 591, 497, 563, 595, 481, 561, 613, 520, 495, 569, 510, 542, 551, 463, 559, 564, 437, 483, 596, 517, 495, 591, 497, 561, 594, 480, 561, 612, 518, 487, 567, 511, 543, 551, 463, 557, 564, 436, 482, 598, 516, 495, 585, 496, 566, 589, 480, 561, 611, 517, 487, 568, 509, 540, 549, 463, 555, 560, 436, 481, 597}
{515, 493, 588, 497, 560, 592, 481, 558, 609, 517, 487, 567, 509, 540, 550, 463, 555, 563, 435, 484, 596, 515, 497, 584}
