600
{6332, 3535, 2748, 2661, 2167, 2127, 1955, 1561, 1773, 1705, 1263, 1335, 1586, 1348, 1258, 1428, 1181, 1319, 1339, 1066, 1222, 1285, 1083, 999, 1143, 1011, 1065, 1049, 875, 1035, 1030, 788, 866, 1048, 900, 862, 1007, 835, 947, 980, 786, 907, 971, 824, 778, 875, 791, 830, 835, 699, 832, 841, 643, 716, 862, 744, 709, 843, 702, 796, 819, 665, 774, 837, 706, 667, 767, 684, 724, 729, 610, 728, 739, 562, 620, 769, 661, 635, 749, 626, 707, 736, 595, 690, 751, 636, 599, 694, 614, 659, 660, 554, 665, 667, 514, 567, 698, 604, 581, 687}
{574, 652, 684, 549, 642, 695, 588, 563, 635, 572, 608, 617, 516, 623, 621, 478, 533, 656, 565, 539, 646, 538, 609, 641, 516, 606, 655, 554, 523, 607, 538, 572, 580, 486, 584, 591, 450, 502, 624, 535, 512, 612, 508, 580, 610, 488, 576, 625, 525, 500, 570, 515, 546, 555, 463, 561, 565, 434, 488, 591, 510, 497, 583, 490, 553, 582, 472, 549, 594, 505, 482, 545, 494, 525, 533, 447, 539, 543, 420, 464, 573, 494, 473, 562, 471, 538, 561, 455, 533, 575, 484, 461, 528, 477, 505, 515, 431, 523, 526, 405}
{452, 554, 477, 457, 546, 456, 520, 545, 438, 513, 561, 473, 447, 518, 461, 490, 499, 419, 506, 507, 392, 434, 538, 464, 443, 527, 444, 504, 531, 427, 499, 547, 460, 435, 501, 448, 480, 488, 408, 491, 497, 381, 425, 526, 452, 437, 519, 431, 491, 514, 416, 492, 535, 449, 425, 493, 441, 472, 473, 398, 480, 488, 373, 416, 511, 441, 429, 507, 424, 484, 507, 407, 477, 523, 440, 417, 482, 430, 462, 467, 390, 474, 479, 365, 408, 505, 432, 416, 499, 414, 477, 498, 399, 469, 511, 432, 412, 476, 421, 449}
{457, 383, 462, 470, 358, 401, 497, 424, 409, 491, 407, 469, 490, 393, 461, 501, 423, 403, 468, 416, 445, 451, 376, 456, 462, 353, 393, 489, 417, 403, 483, 401, 458, 480, 385, 453, 494, 416, 396, 456, 407, 435, 443, 370, 451, 457, 346, 389, 482, 410, 398, 474, 395, 451, 476, 381, 448, 488, 411, 395, 455, 402, 432, 440, 365, 444, 448, 342, 387, 477, 406, 395, 468, 391, 444, 469, 374, 444, 484, 407, 385, 449, 397, 426, 434, 361, 437, 444, 338, 379, 470, 399, 388, 464, 385, 440, 465, 371, 439, 476}
{401, 384, 440, 393, 422, 427, 357, 432, 440, 335, 373, 465, 397, 385, 458, 380, 434, 458, 366, 432, 470, 396, 377, 439, 388, 419, 425, 353, 430, 436, 330, 370, 457, 392, 382, 454, 377, 430, 455, 363, 427, 469, 392, 373, 435, 384, 414, 421, 348, 422, 430, 328, 366, 456, 388, 379, 450, 373, 426, 449, 358, 424, 462, 388, 374, 431, 381, 410, 414, 345, 420, 427, 324, 365, 453, 385, 376, 447, 371, 422, 448, 355, 423, 461, 387, 368, 428, 377, 406, 415, 344, 417, 426, 322, 363, 447, 381, 370, 444, 367}
{421, 444, 353, 419, 456, 383, 366, 423, 374, 403, 407, 341, 416, 421, 319, 358, 442, 379, 372, 441, 364, 419, 442, 350, 415, 454, 379, 362, 421, 371, 401, 406, 337, 412, 420, 317, 356, 441, 376, 366, 438, 362, 414, 438, 348, 415, 452, 378, 360, 420, 369, 399, 405, 336, 408, 417, 314, 355, 438, 375, 362, 436, 360, 414, 436, 346, 409, 447, 376, 356, 415, 368, 395, 404, 333, 406, 415, 314, 352, 437, 371, 361, 432, 358, 410, 433, 345, 410, 446, 374, 358, 414, 366, 392, 401, 332, 404, 409, 313, 350}
{435, 370, 360, 430, 356, 408, 431, 343, 405, 444, 372, 356, 408, 362, 391, 400, 330, 403, 407, 311, 350, 432, 369, 359, 424, 354, 407, 429, 341, 403, 441, 370, 352, 411, 362, 389, 397, 329, 399, 407, 309, 345, 430, 365, 356, 426, 353, 403, 427, 339, 403, 439, 369, 350, 407, 360, 390, 395, 327, 399, 407, 308, 344, 427, 365, 354, 424, 352, 404, 422, 337, 400, 437, 367, 352, 407, 359, 385, 391, 326, 398, 405, 306, 346, 425, 363, 353, 422, 350, 400, 421, 336, 398, 436, 365, 351, 401, 357, 387, 390}
{324, 395, 400, 305, 342, 424, 361, 351, 420, 347, 398, 421, 336, 399, 435, 364, 349, 402, 355, 381, 390, 323, 393, 401, 303, 341, 423, 360, 349, 419, 347, 397, 419, 334, 395, 431, 362, 345, 401, 354, 382, 388, 321, 392, 400, 302, 340, 422, 359, 348, 417, 345, 396, 418, 332, 395, 429, 362, 345, 401, 352, 379, 387, 320, 389, 397, 302, 339, 419, 358, 347, 413, 344, 395, 418, 330, 394, 429, 360, 342, 399, 352, 378, 386, 320, 390, 398, 300, 337, 417, 357, 346, 415, 344, 397, 414, 330, 393, 429, 359}
{343, 398, 351, 378, 384, 319, 391, 397, 300, 337, 418, 356, 345, 414, 343, 392, 415, 330, 392, 427, 358, 343, 394, 350, 377, 385, 317, 388, 395, 299, 338, 416, 354, 346, 410, 342, 392, 414, 329, 391, 427, 357, 340, 396, 350, 376, 383, 318, 388, 391, 298, 334, 415, 354, 345, 411, 341, 390, 412, 328, 390, 427, 356, 339, 392, 348, 377, 383, 316, 387, 390, 298, 334, 413, 352, 343, 410, 341, 390, 410, 327, 390, 425, 356, 340, 395, 348, 376, 382, 316, 387, 390, 297, 334, 415, 353, 343, 410, 340, 388}
{410, 327, 387, 422, 354, 337, 394, 346, 374, 381, 315, 385, 392, 296, 332, 413, 351, 343, 410, 339, 387, 410, 326, 385, 424, 354, 337, 389, 345, 373, 381, 314, 382, 391, 296, 333, 412, 349, 340, 409, 338, 386, 409, 325, 388, 421, 352, 339, 392, 345, 372, 380, 314, 381, 386, 295, 331, 412, 350, 340, 407, 336, 386, 409, 324, 386, 421, 353, 336, 391, 345, 371, 377, 312, 381, 386, 295, 331, 412, 349, 340, 407, 336, 388, 409, 324, 386, 420, 352, 334, 391, 344, 371, 379, 314, 384, 389, 294, 329, 411}
{348, 340, 405, 336, 385, 407, 324, 382, 421, 351, 335, 389, 344, 369, 378, 313, 383, 387, 294, 331, 409, 348, 338, 406}