650
{5238, 3821, 2551, 2332, 2061, 1723, 1881, 1833, 1277, 1414, 1634, 1108, 1249, 1235, 1126, 1166, 1184, 916, 1136, 1240, 927, 1049, 1174, 956, 982, 969, 868, 987, 1031, 748, 864, 1018, 716, 822, 835, 772, 820, 835, 663, 819, 909, 689, 803, 908, 739, 773, 760, 685, 787, 829, 606, 702, 832, 589, 684, 692, 644, 690, 696, 560, 695, 784, 590, 679, 770, 632, 666, 661, 594, 687, 728, 533, 610, 735, 520, 600, 614, 573, 607, 631, 501, 623, 694, 530, 617, 703, 574, 599, 596, 540, 633, 658, 486, 565, 666, 473, 556, 563, 525, 565}
{574, 460, 574, 646, 488, 576, 651, 529, 553, 554, 503, 586, 612, 448, 521, 623, 446, 516, 523, 488, 521, 543, 432, 543, 605, 462, 539, 609, 502, 524, 523, 476, 548, 578, 427, 497, 585, 423, 489, 492, 465, 501, 511, 411, 512, 577, 441, 513, 582, 474, 501, 494, 454, 527, 552, 406, 468, 564, 403, 466, 478, 447, 473, 491, 392, 491, 553, 421, 495, 558, 455, 478, 477, 432, 507, 527, 391, 451, 544, 386, 446, 459, 429, 460, 474, 378, 475, 534, 406, 471, 541, 439, 461, 463, 419, 483, 514, 379, 436, 526}
{375, 435, 441, 416, 441, 459, 365, 459, 519, 393, 458, 519, 428, 448, 449, 406, 470, 495, 368, 423, 511, 363, 419, 432, 403, 427, 447, 358, 446, 502, 382, 445, 510, 415, 441, 438, 395, 459, 486, 357, 414, 498, 353, 411, 421, 392, 421, 437, 348, 434, 493, 373, 432, 498, 406, 426, 428, 385, 450, 475, 348, 408, 485, 345, 402, 412, 384, 410, 428, 340, 426, 481, 364, 426, 487, 397, 417, 417, 379, 441, 465, 343, 396, 476, 339, 392, 405, 377, 402, 421, 334, 418, 469, 357, 418, 478, 389, 410, 408, 371}
{433, 457, 337, 389, 469, 333, 386, 397, 369, 398, 412, 327, 412, 464, 351, 413, 471, 383, 404, 406, 365, 425, 450, 329, 387, 462, 328, 379, 390, 364, 387, 405, 322, 405, 454, 346, 404, 463, 378, 396, 397, 359, 420, 445, 325, 381, 456, 322, 375, 387, 358, 386, 402, 317, 399, 453, 341, 400, 456, 372, 390, 395, 353, 414, 438, 321, 376, 449, 319, 368, 378, 355, 377, 394, 314, 396, 446, 338, 391, 451, 368, 389, 390, 350, 407, 432, 317, 371, 444, 316, 363, 377, 351, 372, 392, 310, 390, 441, 333, 387}
{444, 364, 381, 382, 347, 402, 425, 315, 368, 439, 312, 363, 372, 346, 368, 384, 306, 388, 434, 330, 386, 438, 359, 376, 381, 342, 398, 420, 311, 362, 436, 309, 357, 369, 343, 364, 384, 305, 383, 432, 326, 379, 435, 357, 373, 376, 338, 396, 417, 308, 357, 430, 305, 353, 364, 340, 363, 381, 302, 381, 427, 324, 376, 433, 354, 374, 374, 336, 392, 412, 306, 354, 426, 302, 351, 362, 337, 361, 375, 299, 374, 422, 320, 374, 429, 350, 368, 368, 333, 388, 414, 304, 352, 424, 300, 348, 360, 334, 355, 373}
{297, 375, 420, 318, 371, 426, 347, 365, 367, 330, 385, 410, 301, 349, 421, 297, 345, 357, 332, 356, 371, 295, 369, 417, 317, 367, 424, 346, 364, 364, 329, 386, 407, 298, 346, 419, 296, 344, 353, 330, 351, 369, 292, 371, 416, 315, 366, 422, 344, 361, 364, 326, 382, 403, 297, 344, 413, 293, 341, 353, 328, 348, 366, 289, 364, 414, 312, 364, 417, 341, 357, 360, 324, 377, 403, 296, 342, 413, 292, 339, 350, 325, 349, 365, 289, 365, 412, 311, 361, 416, 338, 355, 360, 323, 379, 401, 293, 340, 409, 291}
{338, 346, 324, 348, 360, 287, 362, 410, 309, 362, 415, 336, 354, 356, 321, 377, 398, 290, 340, 406, 289, 336, 347, 321, 345, 360, 285, 358, 407, 307, 359, 409, 335, 353, 354, 319, 372, 396, 290, 337, 407, 287, 335, 343, 321, 342, 356, 285, 357, 405, 306, 359, 408, 333, 352, 354, 318, 370, 394, 289, 337, 406, 287, 332, 343, 319, 340, 356, 284, 356, 404, 305, 355, 409, 333, 350, 352, 316, 372, 393, 288, 334, 403, 285, 333, 340, 317, 339, 357, 281, 356, 402, 304, 353, 405, 331, 348, 351, 315, 366}
{391, 285, 332, 402, 284, 330, 340, 316, 338, 355, 281, 352, 397, 303, 351, 402, 329, 348, 351, 314, 365, 387, 285, 332, 400, 283, 329, 339, 315, 336, 352, 279, 352, 395, 302, 351, 404, 328, 345, 349, 313, 364, 389, 284, 330, 398, 281, 327, 336, 315, 335, 351, 279, 351, 396, 300, 351, 401, 327, 344, 348, 311, 365, 386, 284, 328, 395, 281, 325, 338, 313, 337, 352, 278, 350, 396, 299, 348, 402, 327, 344, 347, 310, 364, 385, 282, 329, 396, 281, 324, 337, 312, 333, 349, 278, 350, 395, 298, 348, 397}
{325, 343, 344, 310, 363, 385, 282, 326, 395, 279, 324, 336, 312, 331, 350, 276, 347, 391, 297, 347, 398, 324, 341, 346, 310, 360, 382, 280, 325, 394, 279, 323, 332, 310, 332, 349, 276, 347, 393, 297, 347, 398, 324, 341, 344, 309, 360, 383, 281, 327, 391, 277, 321, 331, 309, 330, 348, 275, 347, 392, 296, 345, 397, 323, 340, 343, 308, 359, 381, 279, 324, 392, 277, 321, 330, 308, 329, 346, 275, 345, 392, 296, 344, 396, 322, 338, 342, 307, 357, 382, 279, 323, 391, 277, 320, 329, 308, 330, 346, 273}
{345, 388, 295, 343, 396, 321, 338, 339, 307, 359, 379, 278, 325, 391, 276, 320, 329, 308, 330, 345, 274, 343, 389, 294, 342, 394, 320, 337, 340, 307, 355, 379, 278, 322, 389, 275, 319, 329, 307, 328, 343, 273, 344, 388, 294, 344, 391, 320, 337, 339, 306, 355, 379, 277, 324, 389, 274, 320, 330, 306, 329, 343, 273, 344, 388, 293, 342, 393, 319, 337, 340, 304, 356, 377, 277, 324, 389, 274, 321, 327, 307, 326, 342, 272, 342, 386, 293, 342, 391, 318, 336, 339, 305, 354, 378, 276, 320, 385, 274, 318}
{329, 305, 327, 340, 271, 341, 384, 292, 341, 391, 319, 335, 339, 303, 355, 377, 275, 320, 385, 273, 318, 326, 306, 324}