300
{14334, 12128, 7894, 5008, 5667, 4728, 4074, 4411, 3859, 2972, 4366, 3367, 2704, 3795, 3422, 2710, 3132, 2973, 2688, 3376, 2823, 2263, 3143, 2685, 2015, 2631, 2417, 2181, 2502, 2300, 1826, 2782, 2208, 1822, 2595, 2400, 1940, 2293, 2185, 2012, 2560, 2156, 1759, 2463, 2112, 1603, 2114, 1959, 1780, 2042, 1897, 1521, 2331, 1858, 1545, 2208, 2056, 1671, 1970, 1888, 1743, 2223, 1889, 1537, 2163, 1873, 1418, 1876, 1738, 1585, 1830, 1703, 1365, 2103, 1679, 1395, 1997, 1868, 1517, 1794, 1727, 1597, 2037, 1732, 1418, 1990, 1723, 1305, 1735, 1618, 1469, 1696, 1584, 1274, 1955, 1565, 1305, 1862, 1746, 1423}
{1681, 1622, 1500, 1916, 1624, 1333, 1880, 1623, 1235, 1641, 1528, 1392, 1603, 1504, 1207, 1855, 1490, 1241, 1778, 1665, 1353, 1600, 1547, 1434, 1830, 1554, 1274, 1795, 1556, 1183, 1577, 1460, 1334, 1551, 1444, 1163, 1784, 1428, 1195, 1711, 1604, 1309, 1551, 1494, 1383, 1768, 1503, 1237, 1738, 1506, 1146, 1524, 1421, 1293, 1493, 1401, 1124, 1733, 1392, 1161, 1666, 1557, 1275, 1506, 1453, 1343, 1723, 1465, 1204, 1699, 1468, 1115, 1485, 1386, 1264, 1462, 1369, 1101, 1692, 1358, 1134, 1625, 1524, 1243, 1471, 1423, 1316, 1682, 1432, 1179, 1665, 1438, 1095, 1456, 1358, 1242, 1437, 1341, 1078, 1660}
{1333, 1115, 1593, 1497, 1219, 1445, 1395, 1293, 1657, 1407, 1160, 1629, 1416, 1079, 1435, 1336, 1223, 1413, 1321, 1059, 1639, 1316, 1097, 1575, 1470, 1202, 1431, 1377, 1274, 1635, 1391, 1144, 1606, 1394, 1062, 1412, 1320, 1206, 1390, 1302, 1047, 1613, 1297, 1082, 1548, 1454, 1185, 1406, 1363, 1259, 1611, 1374, 1127, 1590, 1376, 1051, 1399, 1303, 1193, 1379, 1289, 1036, 1597, 1279, 1072, 1529, 1439, 1174, 1391, 1345, 1246, 1595, 1362, 1115, 1573, 1358, 1038, 1387, 1291, 1179, 1361, 1276, 1026, 1583, 1268, 1060, 1518, 1421, 1164, 1380, 1330, 1235, 1580, 1341, 1104, 1566, 1353, 1032, 1371, 1281}
{1168, 1352, 1267, 1018, 1568, 1259, 1054, 1505, 1414, 1156, 1368, 1324, 1227, 1570, 1339, 1099, 1547, 1345, 1025, 1362, 1273, 1163, 1338, 1258, 1012, 1557, 1249, 1046, 1497, 1403, 1147, 1361, 1313, 1219, 1564, 1333, 1092, 1541, 1332, 1019, 1355, 1267, 1156, 1335, 1248, 1005, 1550, 1248, 1042, 1491, 1394, 1142, 1353, 1311, 1215, 1556, 1327, 1088, 1533, 1329, 1012, 1348, 1260, 1149, 1327, 1245, 1002, 1542, 1239, 1036, 1482, 1393, 1136, 1346, 1305, 1209, 1546, 1320, 1081, 1526, 1324, 1010, 1348, 1253, 1147, 1323, 1241, 998, 1537, 1234, 1033, 1474, 1384, 1133, 1347, 1300, 1204, 1539, 1310, 1078}
{1523, 1318, 1004, 1338, 1248, 1143, 1319, 1237, 993, 1534, 1230, 1028, 1472, 1382, 1129, 1339, 1295, 1201, 1536, 1310, 1075, 1515, 1313, 1003, 1334, 1248, 1139, 1312, 1233, 991, 1527, 1229, 1025, 1466, 1380, 1126, 1336, 1290, 1196, 1533, 1305, 1072, 1517, 1311, 1001, 1332, 1244, 1135, 1308, 1230, 988, 1525, 1227, 1024, 1465, 1371, 1123, 1333, 1289, 1192, 1526, 1299, 1071, 1506, 1305, 997, 1332, 1240, 1133, 1304, 1224, 984, 1522, 1224, 1021, 1463, 1372, 1122, 1329, 1286, 1191, 1525, 1303, 1068, 1505, 1307, 994, 1330, 1237, 1130, 1302, 1225, 986, 1520, 1222, 1018, 1458, 1365, 1120, 1326}
{1284, 1190, 1522, 1292, 1067, 1501, 1304, 995, 1323, 1237, 1128, 1304, 1224, 981, 1515, 1219, 1016, 1460, 1368, 1117, 1325, 1277, 1187, 1518, 1292, 1064, 1499, 1303, 992, 1322, 1233, 1127, 1298, 1219, 981, 1511, 1216, 1016, 1457, 1364, 1116, 1322, 1277, 1186, 1516, 1296, 1063, 1496, 1297, 991, 1323, 1227, 1125, 1299, 1220, 981, 1511, 1212, 1013, 1450, 1366, 1115, 1321, 1276, 1185, 1515, 1294, 1062, 1495, 1298, 991, 1318, 1225, 1124, 1300, 1216, 979, 1509, 1210, 1014, 1448, 1356, 1112, 1319, 1276, 1183, 1512, 1290, 1061, 1493, 1297, 989, 1318, 1229, 1123, 1297, 1216, 979, 1510, 1211}
{1013, 1453, 1362, 1111, 1318, 1275, 1180, 1512, 1290, 1060, 1491, 1295, 988, 1315, 1229, 1120, 1295, 1215, 976, 1505, 1213, 1011, 1449, 1360, 1110, 1315, 1273, 1180, 1513, 1287, 1058, 1495, 1293, 986, 1313, 1228, 1121, 1292, 1212, 978, 1504, 1211, 1012, 1445, 1352, 1110, 1316, 1274, 1181, 1511, 1287, 1058, 1494, 1294, 985, 1313, 1228, 1120, 1295, 1214, 973, 1502, 1206, 1011, 1444, 1358, 1109, 1318, 1272, 1179, 1508, 1286, 1059, 1495, 1294, 987, 1314, 1224, 1120, 1289, 1210, 975, 1501, 1211, 1010, 1443, 1358, 1110, 1317, 1273, 1179, 1507, 1288, 1056, 1488, 1290, 984, 1316, 1222, 1119}
{1290, 1212, 973, 1503, 1209, 1010, 1444, 1359, 1108, 1317, 1271, 1177, 1507, 1286, 1058, 1488, 1287, 983, 1313, 1225, 1119, 1297, 1208, 974, 1500, 1209, 1009, 1440, 1358, 1109, 1311, 1269, 1178, 1510, 1286, 1056, 1493, 1291, 985, 1315, 1223, 1119, 1295, 1208, 972, 1502, 1209, 1007, 1445, 1356, 1105, 1310, 1269, 1177, 1505, 1285, 1055, 1485, 1290, 979, 1314, 1224, 1117, 1287, 1211, 974, 1499, 1207, 1007, 1445, 1352, 1108, 1309, 1268, 1178, 1504, 1280, 1054, 1486, 1286, 983, 1309, 1218, 1116, 1291, 1210, 973, 1498, 1207, 1006, 1445, 1356, 1106, 1309, 1269, 1176, 1508, 1285, 1056, 1485}
{1290, 983, 1308, 1223, 1117, 1291, 1208, 972, 1498, 1208, 1007, 1444, 1356, 1108, 1309, 1269, 1175, 1507, 1285, 1056, 1485, 1288, 983, 1308, 1219, 1116, 1294, 1210, 973, 1498, 1206, 1007, 1441, 1355, 1106, 1314, 1265, 1176, 1502, 1278, 1054, 1486, 1289, 982, 1310, 1223, 1115, 1288, 1205, 970, 1497, 1207, 1006, 1440, 1354, 1103, 1312, 1268, 1173, 1504, 1285, 1054, 1488, 1284, 984, 1308, 1222, 1114, 1290, 1206, 972, 1496, 1206, 1005, 1438, 1347, 1106, 1309, 1268, 1175, 1504, 1278, 1053, 1483, 1288, 981, 1307, 1218, 1116, 1286, 1205, 972, 1496, 1205, 1005, 1437, 1350, 1106, 1308, 1266}
{1176, 1501, 1283, 1054, 1483, 1289, 981, 1306, 1220, 1114, 1287, 1204, 969, 1496, 1206, 1006, 1435, 1347, 1105, 1307, 1266, 1175, 1501, 1280, 1054, 1484, 1289, 983, 1307, 1219, 1116, 1286, 1206, 969, 1497, 1207, 1007, 1438, 1352, 1104, 1309, 1267, 1175, 1503, 1280, 1053, 1483, 1288, 982, 1307, 1221, 1113, 1287, 1206, 972, 1497, 1205, 1006, 1437, 1348, 1105, 1308, 1266, 1176, 1502, 1280, 1053, 1483, 1288, 983, 1307, 1220, 1116, 1286, 1207, 969, 1496, 1206, 1006, 1438, 1351, 1104, 1308, 1267, 1176, 1503, 1278, 1052, 1482, 1288, 982, 1306, 1221, 1113, 1287, 1206, 972, 1495, 1206, 1006}
{1439, 1352, 1106, 1311, 1267, 1173, 1504, 1283, 1051, 1484, 1289, 980, 1306, 1219, 1116, 1286, 1206, 972, 1495, 1206, 1007, 1442, 1353, 1103}