350
{12682, 6352, 5261, 5542, 3866, 3032, 3904, 3515, 2636, 3241, 2932, 2614, 2932, 2430, 2342, 2923, 2525, 2049, 2580, 2370, 1970, 2449, 1926, 1934, 2355, 1822, 1535, 2106, 2010, 1568, 1984, 1868, 1713, 1966, 1665, 1642, 2071, 1825, 1504, 1926, 1777, 1495, 1895, 1505, 1521, 1870, 1461, 1237, 1710, 1640, 1282, 1638, 1549, 1429, 1645, 1401, 1380, 1757, 1555, 1290, 1654, 1528, 1296, 1643, 1312, 1322, 1633, 1284, 1091, 1509, 1460, 1141, 1459, 1389, 1282, 1478, 1259, 1246, 1585, 1409, 1168, 1497, 1393, 1182, 1497, 1197, 1211, 1501, 1177, 1000, 1392, 1341, 1052, 1349, 1283, 1184, 1376, 1167, 1160, 1476}
{1309, 1088, 1400, 1297, 1102, 1407, 1115, 1136, 1404, 1106, 939, 1306, 1265, 988, 1269, 1209, 1116, 1290, 1104, 1096, 1393, 1242, 1031, 1324, 1232, 1044, 1333, 1061, 1082, 1336, 1055, 894, 1247, 1206, 945, 1213, 1156, 1069, 1236, 1050, 1049, 1336, 1187, 991, 1271, 1182, 1005, 1278, 1023, 1037, 1286, 1013, 857, 1200, 1163, 912, 1174, 1114, 1030, 1194, 1020, 1012, 1286, 1146, 956, 1228, 1142, 970, 1237, 987, 1006, 1244, 984, 832, 1167, 1128, 882, 1132, 1082, 999, 1157, 989, 983, 1249, 1118, 928, 1196, 1107, 943, 1204, 964, 980, 1213, 957, 811, 1138, 1102, 861, 1105, 1057}
{975, 1132, 962, 959, 1223, 1089, 909, 1169, 1085, 923, 1175, 940, 959, 1186, 937, 792, 1109, 1076, 844, 1084, 1034, 956, 1111, 944, 937, 1195, 1067, 890, 1145, 1066, 905, 1158, 923, 940, 1162, 919, 778, 1089, 1058, 828, 1063, 1017, 939, 1090, 931, 921, 1181, 1050, 874, 1125, 1049, 889, 1135, 913, 924, 1144, 903, 765, 1073, 1039, 815, 1049, 999, 925, 1072, 917, 911, 1158, 1037, 863, 1108, 1030, 878, 1121, 899, 911, 1128, 892, 755, 1060, 1027, 804, 1033, 989, 913, 1063, 907, 900, 1147, 1024, 852, 1095, 1021, 867, 1112, 888, 903, 1115, 881, 746}
{1048, 1015, 797, 1020, 977, 903, 1047, 896, 888, 1130, 1012, 841, 1083, 1008, 854, 1093, 878, 892, 1102, 868, 737, 1041, 1006, 787, 1008, 967, 894, 1041, 888, 880, 1119, 1001, 835, 1075, 1002, 847, 1083, 871, 883, 1091, 863, 731, 1027, 990, 779, 1002, 957, 885, 1028, 879, 871, 1111, 993, 826, 1064, 993, 842, 1073, 864, 876, 1082, 858, 727, 1021, 989, 773, 991, 950, 877, 1019, 873, 867, 1102, 985, 820, 1060, 986, 833, 1068, 854, 870, 1075, 851, 720, 1012, 976, 769, 984, 942, 871, 1011, 868, 859, 1095, 977, 815, 1049, 973, 830, 1064}
{850, 863, 1068, 841, 716, 1007, 974, 762, 982, 935, 866, 1007, 862, 855, 1086, 973, 810, 1041, 974, 825, 1058, 844, 858, 1060, 839, 710, 999, 969, 760, 976, 932, 863, 1000, 858, 851, 1080, 963, 806, 1035, 966, 821, 1046, 841, 853, 1055, 832, 708, 993, 964, 755, 971, 929, 858, 1000, 850, 846, 1076, 962, 802, 1032, 958, 816, 1041, 839, 850, 1050, 831, 704, 989, 960, 751, 964, 923, 853, 990, 850, 841, 1071, 958, 798, 1027, 959, 813, 1036, 831, 845, 1046, 829, 701, 989, 956, 748, 960, 915, 850, 985, 845, 837, 1065, 954}
{797, 1024, 954, 808, 1033, 831, 842, 1047, 824, 699, 988, 952, 746, 956, 917, 847, 985, 842, 833, 1066, 951, 792, 1020, 952, 808, 1029, 826, 841, 1041, 822, 697, 983, 947, 744, 953, 912, 842, 984, 840, 831, 1058, 948, 789, 1016, 947, 805, 1027, 826, 837, 1035, 816, 694, 975, 943, 741, 951, 907, 841, 976, 839, 829, 1056, 943, 787, 1014, 944, 803, 1024, 825, 835, 1035, 819, 692, 977, 944, 738, 947, 910, 837, 975, 834, 828, 1052, 944, 787, 1012, 942, 800, 1025, 822, 834, 1030, 816, 691, 970, 942, 736, 949, 907, 836}
{975, 834, 827, 1052, 939, 784, 1013, 942, 798, 1020, 820, 833, 1029, 815, 690, 968, 938, 738, 944, 903, 836, 969, 832, 826, 1049, 940, 782, 1008, 939, 796, 1018, 819, 829, 1026, 812, 688, 967, 938, 735, 942, 904, 833, 968, 830, 822, 1046, 937, 781, 1006, 936, 795, 1014, 816, 826, 1026, 806, 687, 969, 935, 732, 939, 903, 832, 967, 825, 823, 1044, 933, 779, 1002, 936, 795, 1017, 816, 825, 1026, 811, 685, 964, 935, 731, 938, 896, 832, 968, 827, 820, 1043, 936, 779, 1005, 936, 793, 1014, 812, 826, 1021, 805, 684, 964}
{932, 731, 940, 900, 830, 966, 823, 819, 1045, 928, 778, 1003, 934, 793, 1010, 814, 823, 1021, 803, 684, 961, 932, 731, 936, 898, 829, 965, 824, 816, 1040, 932, 776, 998, 934, 792, 1009, 810, 824, 1020, 805, 683, 964, 932, 730, 934, 897, 827, 962, 825, 818, 1041, 931, 775, 997, 932, 791, 1011, 812, 823, 1018, 807, 683, 963, 930, 730, 933, 896, 827, 961, 821, 818, 1039, 929, 774, 999, 929, 788, 1006, 809, 821, 1018, 806, 682, 963, 929, 730, 936, 892, 826, 960, 823, 817, 1037, 925, 774, 996, 930, 789, 1005, 808}
{819, 1016, 802, 681, 959, 929, 728, 933, 894, 825, 959, 822, 814, 1039, 929, 776, 995, 930, 787, 1005, 807, 821, 1018, 802, 682, 960, 927, 726, 931, 894, 825, 961, 822, 813, 1037, 928, 775, 994, 929, 788, 1004, 810, 820, 1014, 804, 680, 956, 928, 728, 931, 892, 825, 958, 821, 816, 1038, 926, 773, 998, 926, 787, 1005, 808, 821, 1014, 804, 678, 958, 928, 727, 932, 893, 825, 958, 818, 815, 1035, 923, 772, 994, 929, 786, 1004, 810, 820, 1014, 801, 680, 959, 923, 726, 931, 892, 825, 962, 822, 814, 1037, 924, 772}
{994, 929, 787, 1005, 808, 818, 1016, 804, 678, 956, 927, 725, 930, 889, 824, 958, 820, 814, 1036, 921, 773, 992, 927, 787, 1005, 806, 819, 1014, 800, 680, 957, 927, 725, 931, 892, 823, 956, 822, 811, 1037, 922, 772, 992, 924, 787, 1003, 809, 819, 1013, 804, 677, 954, 924, 726, 933, 891, 823, 956, 821, 812, 1034, 924, 773, 991, 922, 785, 1002, 808, 817, 1013, 802, 679, 956, 927, 726, 928, 890, 823, 955, 820, 813, 1036, 921, 772, 991, 924, 785, 1003, 805, 818, 1013, 797, 679, 955, 925, 725, 933, 890, 821, 956}
{818, 811, 1032, 926, 771, 990, 924, 785, 1001, 806, 818, 1012, 796, 678, 954, 922, 725, 930, 891, 823, 957, 817, 812, 1033}
