500
{0, 7619, 4667, 3066, 3142, 2727, 2318, 2759, 2189, 1722, 2315, 1915, 1409, 1794, 1622, 1441, 1607, 1464, 1163, 1740, 1366, 1124, 1569, 1443, 1169, 1364, 1287, 1181, 1479, 1242, 1012, 1409, 1199, 912, 1198, 1099, 994, 1130, 1051, 842, 1282, 1018, 844, 1196, 1111, 903, 1053, 1008, 935, 1188, 1002, 817, 1141, 976, 749, 986, 905, 829, 955, 885, 715, 1083, 861, 721, 1025, 956, 782, 915, 881, 815, 1037, 876, 722, 1008, 870, 665, 876, 807, 741, 846, 795, 638, 972, 781, 651, 922, 859, 710, 829, 801, 741, 945, 800, 660, 926, 795, 611, 808, 745, 682}
{781, 734, 594, 901, 724, 602, 856, 798, 659, 772, 745, 692, 878, 745, 617, 859, 741, 570, 756, 697, 640, 733, 687, 555, 846, 680, 571, 809, 757, 623, 730, 705, 655, 828, 705, 583, 812, 703, 541, 712, 665, 609, 697, 651, 528, 803, 648, 545, 766, 720, 595, 697, 674, 629, 791, 677, 557, 776, 674, 519, 684, 633, 584, 670, 628, 510, 771, 623, 523, 737, 692, 572, 670, 647, 603, 767, 650, 536, 748, 648, 501, 660, 616, 563, 649, 607, 493, 744, 602, 506, 716, 671, 555, 647, 624, 585, 738, 629, 521, 729}
{631, 488, 638, 595, 546, 631, 585, 478, 725, 585, 492, 696, 653, 538, 627, 611, 569, 723, 607, 508, 708, 615, 476, 621, 579, 532, 612, 574, 468, 706, 569, 480, 684, 638, 527, 616, 594, 556, 705, 593, 495, 692, 599, 463, 606, 562, 522, 598, 562, 456, 693, 557, 468, 664, 625, 516, 603, 582, 541, 691, 584, 487, 681, 587, 453, 598, 556, 510, 586, 549, 446, 676, 545, 460, 650, 612, 505, 590, 569, 535, 675, 575, 476, 667, 573, 445, 587, 545, 502, 576, 540, 439, 664, 538, 451, 642, 602, 498, 582, 561}
{525, 664, 565, 471, 653, 566, 436, 579, 532, 494, 566, 531, 432, 654, 528, 446, 633, 592, 490, 574, 549, 517, 657, 552, 462, 645, 559, 432, 567, 529, 487, 561, 523, 428, 646, 521, 439, 622, 582, 481, 565, 545, 510, 648, 545, 456, 635, 548, 424, 563, 518, 481, 551, 515, 422, 638, 514, 435, 612, 577, 475, 558, 537, 504, 638, 544, 451, 628, 545, 423, 557, 513, 476, 547, 512, 418, 633, 508, 428, 605, 569, 472, 550, 532, 499, 631, 538, 446, 624, 539, 418, 550, 506, 470, 544, 507, 413, 623, 505, 426}
{602, 566, 468, 548, 528, 495, 622, 528, 442, 614, 535, 415, 541, 505, 466, 533, 502, 408, 621, 500, 422, 592, 561, 462, 538, 524, 491, 615, 524, 438, 610, 529, 410, 535, 501, 462, 529, 496, 404, 610, 496, 418, 587, 557, 459, 534, 519, 487, 609, 523, 434, 603, 525, 410, 532, 498, 457, 525, 494, 402, 607, 492, 416, 582, 548, 456, 530, 516, 482, 604, 518, 431, 600, 522, 404, 528, 490, 454, 520, 488, 400, 600, 486, 412, 578, 548, 452, 526, 513, 481, 600, 515, 427, 595, 518, 404, 524, 491, 451, 515}
{485, 399, 596, 483, 407, 574, 543, 450, 523, 509, 476, 600, 511, 425, 593, 515, 401, 520, 482, 448, 515, 485, 397, 593, 479, 406, 569, 541, 448, 520, 506, 474, 596, 505, 422, 588, 513, 397, 516, 484, 446, 512, 484, 395, 590, 475, 403, 569, 538, 446, 517, 503, 469, 589, 505, 423, 587, 509, 396, 513, 479, 443, 509, 480, 394, 588, 475, 401, 567, 536, 443, 514, 498, 469, 586, 504, 419, 581, 506, 393, 510, 476, 441, 508, 475, 391, 586, 474, 399, 560, 533, 441, 514, 494, 465, 583, 501, 418, 577, 502}
{391, 510, 474, 439, 501, 473, 387, 581, 471, 397, 556, 531, 439, 509, 495, 463, 580, 497, 416, 575, 502, 390, 508, 474, 437, 499, 471, 386, 581, 468, 396, 554, 527, 437, 508, 490, 463, 579, 494, 415, 575, 498, 388, 505, 472, 435, 498, 469, 385, 577, 464, 394, 554, 526, 435, 505, 492, 460, 578, 492, 412, 570, 498, 386, 502, 469, 435, 501, 468, 384, 577, 466, 393, 554, 521, 435, 506, 489, 458, 575, 494, 412, 568, 493, 385, 505, 466, 434, 494, 469, 381, 574, 465, 392, 548, 522, 433, 504, 489, 458}
{574, 492, 409, 567, 495, 384, 502, 467, 431, 494, 467, 380, 573, 462, 391, 549, 521, 432, 499, 484, 456, 573, 491, 408, 568, 490, 383, 498, 465, 430, 494, 465, 379, 571, 461, 390, 544, 519, 430, 498, 484, 454, 569, 489, 407, 565, 493, 381, 497, 461, 429, 490, 463, 378, 568, 458, 389, 543, 517, 430, 499, 484, 454, 566, 488, 405, 561, 489, 381, 495, 462, 428, 488, 462, 377, 565, 459, 388, 545, 516, 428, 499, 481, 452, 569, 486, 404, 560, 489, 380, 497, 461, 428, 488, 460, 377, 568, 458, 387, 544}
{516, 427, 493, 482, 451, 567, 485, 404, 561, 488, 378, 493, 458, 427, 488, 460, 375, 564, 457, 386, 539, 513, 427, 496, 482, 450, 567, 485, 404, 557, 488, 378, 491, 457, 426, 484, 458, 373, 561, 456, 385, 538, 512, 424, 492, 480, 449, 564, 478, 400, 556, 486, 378, 490, 459, 423, 486, 459, 374, 560, 455, 385, 539, 511, 424, 490, 477, 448, 564, 477, 401, 554, 486, 376, 489, 457, 423, 484, 458, 373, 559, 453, 384, 536, 510, 422, 489, 477, 447, 559, 481, 401, 559, 483, 376, 493, 458, 423, 485, 456}
{371, 562, 454, 383, 539, 507, 421, 490, 476, 447, 559, 481, 400, 553, 485, 375, 488, 458, 423, 481, 457, 373, 558, 454, 383, 536, 507, 421, 489, 476, 446, 558, 479, 400, 552, 481, 375, 489, 455, 422, 481, 456, 372, 560, 453, 383, 535, 509, 422, 489, 475, 445, 558, 480, 399, 554, 482, 373, 486, 457, 422, 484, 455, 372, 557, 453, 382, 533, 508, 422, 489, 476, 446, 562, 478, 398, 550, 480, 372, 486, 455, 420, 480, 455, 369, 557, 450, 382, 537, 508, 422, 490, 475, 444, 559, 478, 399, 555, 483, 374}
{486, 455, 421, 482, 455, 368, 555, 451, 381, 532, 507, 419, 485, 474, 445, 557, 477, 397, 552, 482, 374, 487, 456, 420}