650
{13055, 4928, 2868, 2447, 2629, 1839, 1470, 1929, 1735, 1299, 1589, 1444, 1299, 1453, 1185, 1161, 1430, 1244, 1014, 1272, 1154, 972, 1211, 946, 955, 1162, 891, 753, 1033, 986, 769, 975, 907, 840, 968, 805, 798, 1001, 885, 734, 930, 850, 728, 919, 730, 739, 899, 704, 598, 826, 789, 622, 786, 747, 690, 790, 667, 669, 843, 740, 623, 795, 730, 622, 784, 623, 636, 780, 615, 522, 718, 695, 547, 692, 661, 614, 701, 595, 595, 744, 664, 557, 708, 652, 562, 708, 566, 574, 705, 548, 474, 655, 630, 498, 631, 598, 561, 643, 548, 547}
{686, 610, 514, 656, 609, 518, 655, 520, 532, 654, 514, 440, 619, 590, 464, 589, 562, 523, 601, 514, 509, 644, 576, 482, 618, 570, 487, 616, 488, 503, 622, 489, 414, 577, 558, 439, 563, 535, 497, 573, 490, 484, 608, 544, 460, 582, 543, 464, 583, 468, 479, 585, 465, 396, 547, 529, 421, 535, 509, 474, 549, 469, 464, 583, 525, 441, 559, 520, 446, 559, 453, 462, 563, 446, 382, 531, 512, 404, 510, 491, 457, 526, 452, 448, 565, 507, 425, 541, 498, 429, 539, 437, 446, 542, 434, 368, 511, 496, 392, 499}
{478, 443, 512, 438, 434, 545, 491, 413, 521, 489, 417, 526, 425, 432, 528, 417, 358, 501, 482, 381, 480, 463, 430, 492, 428, 420, 530, 478, 402, 507, 476, 407, 514, 412, 423, 515, 412, 348, 482, 471, 371, 468, 453, 419, 481, 412, 413, 518, 467, 392, 495, 462, 395, 503, 403, 413, 502, 401, 342, 475, 462, 364, 458, 443, 413, 470, 407, 402, 510, 456, 385, 485, 453, 388, 489, 396, 404, 493, 395, 333, 464, 452, 356, 450, 435, 405, 463, 400, 395, 499, 448, 378, 476, 445, 381, 482, 389, 399, 487, 389}
{329, 456, 443, 348, 445, 429, 396, 454, 394, 388, 491, 442, 372, 470, 441, 375, 472, 380, 391, 478, 383, 324, 450, 438, 343, 436, 423, 391, 447, 388, 383, 482, 438, 367, 465, 436, 369, 467, 375, 387, 469, 378, 319, 442, 433, 339, 429, 414, 386, 441, 383, 378, 476, 431, 361, 456, 430, 365, 462, 371, 380, 463, 374, 315, 437, 427, 336, 427, 409, 381, 438, 379, 374, 471, 424, 357, 453, 421, 360, 455, 368, 377, 458, 371, 311, 431, 423, 331, 419, 407, 376, 432, 375, 368, 466, 421, 354, 445, 419, 357}
{450, 364, 372, 453, 362, 308, 426, 419, 329, 417, 402, 373, 429, 371, 365, 462, 418, 349, 440, 417, 352, 447, 359, 370, 448, 363, 305, 422, 412, 327, 412, 398, 371, 423, 364, 363, 458, 414, 347, 439, 413, 351, 444, 359, 366, 443, 355, 302, 422, 409, 323, 410, 396, 367, 422, 365, 361, 453, 410, 345, 433, 409, 346, 439, 356, 365, 441, 357, 300, 416, 406, 321, 405, 393, 364, 415, 363, 356, 452, 407, 343, 429, 402, 345, 434, 352, 361, 437, 352, 299, 413, 403, 319, 403, 390, 361, 413, 355, 356, 448}
{404, 341, 427, 403, 343, 432, 351, 357, 434, 349, 296, 412, 401, 317, 400, 388, 360, 411, 353, 351, 444, 403, 339, 428, 399, 340, 433, 347, 356, 435, 349, 293, 408, 398, 315, 397, 384, 355, 411, 352, 350, 442, 401, 336, 421, 398, 338, 428, 347, 355, 429, 347, 292, 407, 397, 314, 396, 385, 355, 409, 352, 349, 442, 398, 334, 421, 396, 336, 424, 346, 352, 427, 341, 291, 405, 395, 312, 395, 383, 353, 404, 350, 347, 440, 396, 333, 417, 395, 336, 424, 344, 350, 426, 343, 290, 403, 393, 311, 391, 378}
{352, 401, 347, 344, 435, 395, 332, 417, 390, 332, 422, 343, 350, 422, 340, 289, 401, 390, 309, 391, 376, 350, 400, 349, 345, 433, 393, 329, 413, 390, 331, 421, 339, 347, 422, 338, 288, 399, 390, 309, 389, 378, 348, 398, 347, 343, 434, 392, 328, 414, 388, 331, 418, 340, 348, 423, 338, 287, 399, 389, 307, 389, 376, 348, 397, 343, 342, 429, 391, 327, 410, 388, 329, 419, 339, 346, 420, 338, 284, 397, 386, 306, 387, 376, 345, 397, 345, 340, 428, 389, 326, 410, 385, 329, 417, 338, 344, 416, 334, 284}
{396, 384, 305, 384, 372, 345, 395, 344, 338, 427, 388, 325, 408, 386, 328, 415, 337, 343, 416, 336, 284, 395, 384, 304, 382, 371, 344, 394, 342, 337, 425, 386, 324, 408, 382, 327, 412, 337, 342, 416, 335, 284, 393, 385, 303, 384, 369, 343, 393, 342, 337, 428, 386, 323, 406, 381, 325, 412, 335, 342, 413, 334, 283, 393, 382, 303, 381, 368, 342, 391, 341, 336, 423, 383, 322, 405, 380, 324, 413, 335, 340, 413, 333, 282, 392, 381, 302, 382, 370, 340, 393, 340, 337, 422, 382, 321, 404, 382, 324, 409}
{334, 340, 414, 332, 281, 392, 379, 300, 378, 368, 340, 390, 338, 335, 421, 382, 320, 403, 382, 323, 412, 334, 340, 411, 330, 281, 392, 380, 299, 377, 365, 338, 390, 339, 333, 422, 380, 320, 403, 380, 323, 408, 333, 338, 409, 331, 279, 389, 379, 299, 378, 369, 340, 388, 338, 334, 423, 381, 319, 402, 379, 322, 407, 331, 339, 410, 331, 279, 388, 378, 298, 376, 367, 339, 387, 337, 333, 420, 381, 319, 401, 380, 322, 406, 330, 338, 409, 330, 278, 387, 377, 299, 379, 367, 336, 388, 335, 334, 422, 378}
{318, 401, 379, 321, 406, 330, 339, 410, 329, 278, 390, 379, 300, 375, 366, 337, 389, 335, 333, 421, 378, 318, 400, 378, 321, 406, 331, 336, 407, 329, 277, 387, 379, 298, 375, 367, 336, 386, 336, 332, 417, 380, 317, 401, 378, 320, 406, 330, 335, 407, 329, 278, 387, 374, 298, 373, 364, 336, 387, 334, 332, 416, 379, 317, 399, 376, 320, 406, 328, 336, 406, 328, 276, 388, 376, 297, 373, 364, 335, 385, 336, 330, 418, 377, 316, 398, 377, 319, 405, 330, 335, 408, 324, 276, 386, 376, 297, 373, 364, 335}
{385, 335, 330, 419, 379, 317, 398, 376, 319, 403, 329, 334, 405, 326, 276, 386, 375, 297, 372, 364, 335, 387, 333, 329}