770,10,0.0
791,10,6.5
812,10,8.3
833,10,8.7
854,10,9.4
875,10,9.5
896,10,9.9
917,10,10.0
938,10,10.0
959,10,10.4
980,10,10.4
1001,10,10.4
1022,10,10.7
1043,10,11.0
1064,10,10.9
1085,10,10.8
1106,10,11.3
1127,10,11.2
1148,10,11.2
1169,10,11.3
1190,10,11.4
1211,10,11.3
1232,10,11.3
1253,10,11.4
1274,10,11.5
1295,10,11.3
1316,10,11.5
1337,10,11.6
1358,10,11.5
1379,10,11.5
1400,10,11.9
1421,10,11.7
1442,10,11.5
1463,10,11.7
1484,10,11.8
1505,10,11.8
1526,10,11.8
1547,10,12.0
1568,10,11.8
1589,10,12.0
1610,10,12.0
1631,10,11.9
1652,10,11.7
1673,10,12.2
1694,10,12.0
1715,10,11.9
1736,10,12.0
1757,10,12.0
1778,10,11.8
1799,10,11.8
1820,10,12.2
1841,10,11.8
1862,10,12.0
1883,10,11.8
1904,10,12.0
1925,10,11.8
1946,10,12.2
1967,10,12.1
1988,10,11.9
2009,10,11.9
2030,10,12.0
2051,10,11.9
2072,10,11.9
2093,10,12.3
2114,10,11.9
2135,10,12.1
2156,10,12.1
2177,10,12.3
2198,10,11.9
2219,10,12.3
2240,10,12.0
2261,10,12.0
2282,10,12.0
2303,10,12.2
2324,10,11.9
2345,10,12.0
2366,10,12.1
2387,10,11.8
2408,10,12.1
2429,10,12.2
2450,10,12.2
2471,10,11.8
2492,10,12.2
2513,10,12.0
2534,10,12.1
2555,10,12.0
2576,10,12.1
2597,10,12.0
2618,10,11.9
2639,10,12.1
2660,10,11.8
2681,10,12.1
2702,10,12.1
2723,10,12.0
2744,10,12.0
2765,10,12.4
2786,10,12.0
2807,10,12.1
2828,10,12.0
2849,10,12.2
2870,10,11.8
2891,10,12.1
2912,10,12.1
2933,10,11.9
2954,10,12.1
2975,10,12.1
2996,10,12.2
3017,-10,11.8
3038,-10,11.1
3059,-10,9.0
3080,-10,6.7
3101,-10,4.9
3122,-10,3.6
3143,-10,1.5
3164,-10,-0.7
3185,-10,-2.3
3206,-10,-2.5
3227,-10,-2.9
3248,-10,-3.5
3269,-10,-4.3
3290,-10,-5.1
3311,-10,-6.1
3332,-10,-6.3
3353,-10,-6.4
3374,-10,-7.0
3395,-10,-7.5
3416,-10,-7.9
3437,-10,-8.4
3458,-10,-8.6
3479,-10,-8.6
3500,-10,-9.1
3521,-10,-9.5
3542,-10,-9.4
3563,-10,-9.5
3584,-10,-9.8
3605,-10,-10.0
3626,-10,-10.2
3647,-10,-10.0
3668,-10,-10.3
3689,-10,-10.7
3710,-10,-10.5
3731,-10,-10.7
3752,-10,-11.0
3773,-10,-11.0
3794,-10,-10.8
3815,-10,-11.0
3836,-10,-11.5
3857,-10,-11.2
3878,-10,-11.2
3899,-10,-11.4
3920,-10,-11.4
3941,-10,-11.4
3962,-10,-11.7
3983,-10,-11.9
4004,-10,-11.6
4025,-10,-11.8
4046,-10,-11.6
4067,-10,-11.9
4088,-10,-11.6
4109,-10,-12.0
4130,-10,-11.8
4151,-10,-11.8
4172,-10,-11.9
4193,-10,-11.8
4214,-10,-11.8
4235,-10,-11.8
4256,-10,-11.9
4277,-10,-11.6
4298,-10,-12.0
4319,-10,-11.9
4340,-10,-12.0
4361,-10,-11.9
4382,-10,-12.1
4403,-10,-12.1
4424,-10,-11.8
4445,-10,-12.1
4466,-10,-12.2
4487,-10,-12.1
4508,-10,-11.8
4529,-10,-12.2
4550,-10,-11.9
4571,-10,-12.0
4592,-10,-12.3
4613,-10,-12.2
4634,-10,-11.9
4655,-10,-12.1
4676,-10,-12.3
4697,-10,-12.0
4718,-10,-12.1
4739,-10,-12.1
4760,-10,-11.8
4781,-10,-11.9
4802,-10,-12.2
4823,-10,-11.9
4844,-10,-11.9
4865,-10,-12.0
4886,-10,-12.1
4907,-10,-11.9
4928,-10,-12.2
4949,-10,-12.0
4970,-10,-11.8
4991,-10,-12.2
5012,-10,-12.2
5033,-10,-12.0
5054,-10,-12.2
5075,-10,-12.2
5096,-10,-12.0
5117,-10,-12.3
5138,-10,-12.2
5159,-10,-12.2
5180,-10,-12.0
5201,-10,-12.3
5222,-10,-12.1
5243,-10,-12.0
5264,-10,-12.2
5285,-10,-12.0
5306,-10,-11.9
5327,-10,-11.9
5348,-10,-12.2
5369,-10,-11.8
5390,-10,-12.0
5411,-10,-11.8
5432,-10,-12.1
5453,-10,-11.9
5474,-10,-12.3
5495,-10,-12.0
5516,-10,-12.0
5537,-10,-12.2
5558,-10,-12.2
5579,-10,-12.0
5600,-10,-12.1
5621,-10,-12.1
5642,-10,-12.0
5663,-10,-12.2
5684,-10,-12.2
5705,-10,-12.1
5726,-10,-11.9
5747,-10,-12.4
5768,-10,-12.0
5789,-10,-12.1
5810,-10,-12.2
5831,-10,-12.0
5852,-10,-11.9
5873,-10,-11.9
5894,-10,-12.2
5915,-10,-11.8
5936,-10,-12.0
5957,-10,-12.1
5978,-10,-12.0
5999,-10,-12.1
6020,-10,-12.2
6041,-10,-12.0
6062,-10,-12.1
6083,-10,-12.3
6104,-10,-12.0
6125,-10,-11.9
6146,-10,-12.2
6167,-10,-12.3
6188,-10,-12.0
6209,-10,-12.3
6230,-10,-12.2
6251,-10,-12.1
6272,-10,-12.1
6293,-10,-12.3
6314,-10,-12.2
6335,-10,-12.1
6356,-10,-12.2
6377,-10,-12.0
6398,-10,-11.8
6419,-10,-12.2
6440,-10,-11.9
6461,-10,-11.8
6482,-10,-12.1
6503,-10,-12.1
6524,-10,-12.1
6545,-10,-12.0
6566,-10,-12.3
6587,-10,-12.1
6608,-10,-12.0
6629,-10,-12.2
6650,-10,-12.1
6671,-10,-12.0
6692,-10,-12.2
6713,-10,-12.0
6734,-10,-11.9
6755,-10,-12.3
6776,-10,-12.1
6797,-10,-12.0
6818,-10,-12.2
6839,-10,-12.4
6860,-10,-11.9
6881,-10,-12.0
6902,-10,-12.3
6923,-10,-12.1
6944,-10,-11.8
6965,-10,-12.2
6986,-10,-12.0
