652,100,0.6
673,100,11.8
694,100,21.6
715,100,32.0
736,100,41.0
757,100,49.5
778,100,57.4
799,100,64.7
820,100,71.3
841,100,77.8
862,100,83.3
883,100,88.3
904,100,93.6
925,100,97.7
946,100,102.1
967,100,106.2
988,100,109.4
1009,100,112.5
1030,100,115.6
1051,100,118.6
1072,100,121.2
1093,100,123.7
1114,100,125.9
1135,100,127.9
1156,100,130.1
1177,100,131.8
1198,100,133.3
1219,100,135.2
1240,100,136.3
1261,100,137.8
1282,100,139.3
1303,100,140.2
1324,100,141.5
1345,100,142.3
1366,100,143.1
1387,100,144.3
1408,100,145.1
1429,100,145.5
1450,100,146.3
1471,100,147.3
1492,100,147.7
1513,100,148.3
1534,100,148.7
1555,100,149.1
1576,100,149.6
1597,100,150.3
1618,100,150.5
1639,100,150.9
1660,100,151.2
1681,100,151.4
1702,100,151.6
1723,100,152.0
1744,100,152.3
1765,100,152.7
1786,100,152.9
1807,100,153.0
1828,100,153.2
1849,100,153.4
1870,100,153.5
1891,100,153.6
1912,100,153.7
1933,100,153.8
1954,100,153.9
1975,100,153.9
1996,100,154.0
2017,100,154.1
2038,100,154.3
2059,100,154.4
2080,100,154.4
2101,100,154.7
2122,100,154.5
2143,100,154.8
2164,100,154.9
2185,100,154.9
2206,100,155.0
2227,100,155.0
2248,100,155.0
2269,100,155.1
2290,100,155.3
2311,100,155.3
2332,100,155.3
2353,100,155.3
2374,100,155.4
2395,100,155.3
2416,100,155.2
2437,100,155.4
2458,100,155.4
2479,100,155.2
2500,100,155.3
2521,100,155.2
2542,100,155.2
2563,100,155.4
2584,100,155.3
2605,100,155.4
2626,100,155.4
2647,100,155.2
2668,100,155.4
2689,100,155.4
2710,100,155.2
2731,100,155.4
2752,100,155.4
2773,100,155.2
2794,100,155.3
2815,100,155.6
2836,100,155.2
2857,100,155.5
2878,100,155.4
2899,100,155.3
2920,100,155.4
2941,100,155.3
2962,100,155.4
2983,100,155.3
3004,-100,155.4
3025,-100,145.8
3046,-100,126.4
3067,-100,107.0
3088,-100,88.3
3109,-100,69.4
3130,-100,53.1
3151,-100,37.5
3172,-100,22.4
3193,-100,9.4
3214,-100,-2.7
3235,-100,-14.5
3256,-100,-24.8
3277,-100,-34.1
3298,-100,-43.3
3319,-100,-51.8
3340,-100,-59.4
3361,-100,-66.4
3382,-100,-73.0
3403,-100,-79.1
3424,-100,-84.5
3445,-100,-89.8
3466,-100,-94.6
3487,-100,-99.0
3508,-100,-102.8
3529,-100,-106.8
3550,-100,-110.4
3571,-100,-113.6
3592,-100,-116.6
3613,-100,-119.4
3634,-100,-121.8
3655,-100,-124.1
3676,-100,-126.4
3697,-100,-128.5
3718,-100,-130.3
3739,-100,-132.2
3760,-100,-133.9
3781,-100,-135.3
3802,-100,-136.8
3823,-100,-138.0
3844,-100,-139.3
3865,-100,-140.6
3886,-100,-141.4
3907,-100,-142.7
3928,-100,-143.7
3949,-100,-144.2
3970,-100,-145.0
3991,-100,-146.1
4012,-100,-146.7
4033,-100,-147.3
4054,-100,-147.6
4075,-100,-148.4
4096,-100,-149.1
4117,-100,-149.5
4138,-100,-149.9
4159,-100,-150.2
4180,-100,-150.5
4201,-100,-150.9
4222,-100,-151.3
4243,-100,-151.8
4264,-100,-152.0
4285,-100,-152.4
4306,-100,-152.5
4327,-100,-152.8
4348,-100,-152.8
4369,-100,-153.0
4390,-100,-153.2
4411,-100,-153.2
4432,-100,-153.5
4453,-100,-153.7
4474,-100,-153.8
4495,-100,-153.9
4516,-100,-154.1
4537,-100,-154.4
4558,-100,-154.5
4579,-100,-154.5
4600,-100,-154.6
4621,-100,-154.7
4642,-100,-154.8
4663,-100,-154.8
4684,-100,-154.9
4705,-100,-154.9
4726,-100,-155.0
4747,-100,-155.1
4768,-100,-155.1
4789,-100,-155.0
4810,-100,-155.2
4831,-100,-155.1
4852,-100,-155.1
4873,-100,-155.2
4894,-100,-155.0
4915,-100,-154.9
4936,-100,-155.3
4957,-100,-155.1
4978,-100,-155.1
4999,-100,-155.2
5020,-100,-155.3
5041,-100,-155.2
5062,-100,-155.2
5083,-100,-155.2
5104,-100,-155.3
5125,-100,-155.2
5146,-100,-155.4
5167,-100,-155.3
5188,-100,-155.3
5209,-100,-155.4
5230,-100,-155.6
5251,-100,-155.4
5272,-100,-155.3
5293,-100,-155.4
5314,-100,-155.5
5335,-100,-155.3
5356,-100,-155.6
5377,-100,-155.4
5398,-100,-155.5
5419,-100,-155.5
5440,-100,-155.5
5461,-100,-155.5
5482,-100,-155.5
5503,-100,-155.5
5524,-100,-155.6
5545,-100,-155.5
5566,-100,-155.5
5587,-100,-155.5
5608,-100,-155.5
5629,-100,-155.7
5650,-100,-155.7
5671,-100,-155.6
5692,-100,-155.6
5713,-100,-155.6
5734,-100,-155.7
5755,-100,-155.7
5776,-100,-155.7
5797,-100,-155.6
5818,-100,-155.8
5839,-100,-155.7
5860,-100,-155.7
5881,-100,-155.6
5902,-100,-155.8
5923,-100,-155.7
5944,-100,-155.7
5965,-100,-155.8
5986,-100,-155.7
6007,-100,-155.7
6028,-100,-155.7
6049,-100,-155.8
6070,-100,-155.8
6091,-100,-155.7
6112,-100,-155.8
6133,-100,-155.8
6154,-100,-155.7
6175,-100,-155.8
6196,-100,-155.6
6217,-100,-155.7
6238,-100,-155.9
6259,-100,-155.6
6280,-100,-155.7
6301,-100,-155.7
6322,-100,-155.6
6343,-100,-155.7
6364,-100,-155.7
6385,-100,-155.6
6406,-100,-155.7
6427,-100,-155.7
6448,-100,-155.6
6469,-100,-155.7
6490,-100,-155.6
6511,-100,-155.6
6532,-100,-155.7
6553,-100,-155.6
6574,-100,-155.6
6595,-100,-155.7
6616,-100,-155.6
6637,-100,-155.6
6658,-100,-155.6
6679,-100,-155.6
6700,-100,-155.5
6721,-100,-155.6
6742,-100,-155.6
6763,-100,-155.5
6784,-100,-155.6
6805,-100,-155.4
6826,-100,-155.5
6847,-100,-155.4
6868,-100,-155.4
6889,-100,-155.5
6910,-100,-155.5
6931,-100,-155.4
6952,-100,-155.5
6973,-100,-155.4
6994,-100,-155.4
