526,160,0.0
547,160,15.3
568,160,30.3
589,160,45.1
610,160,59.6
631,160,72.5
652,160,84.7
673,160,96.3
694,160,106.8
715,160,116.5
736,160,126.0
757,160,134.3
778,160,142.3
799,160,149.9
820,160,156.5
841,160,162.8
862,160,168.4
883,160,174.2
904,160,178.8
925,160,183.6
946,160,188.2
967,160,192.3
988,160,196.1
1009,160,199.4
1030,160,202.6
1051,160,206.1
1072,160,208.7
1093,160,211.5
1114,160,214.0
1135,160,216.1
1156,160,218.3
1177,160,220.5
1198,160,222.2
1219,160,224.1
1240,160,225.7
1261,160,227.4
1282,160,228.7
1303,160,230.2
1324,160,231.1
1345,160,232.8
1366,160,233.7
1387,160,234.5
1408,160,235.7
1429,160,236.7
1450,160,237.5
1471,160,238.0
1492,160,238.6
1513,160,239.4
1534,160,240.0
1555,160,240.4
1576,160,241.3
1597,160,241.8
1618,160,242.1
1639,160,242.4
1660,160,243.1
1681,160,243.6
1702,160,244.0
1723,160,244.0
1744,160,244.5
1765,160,244.9
1786,160,244.7
1807,160,245.4
1828,160,245.6
1849,160,245.6
1870,160,245.8
1891,160,246.2
1912,160,246.3
1933,160,246.2
1954,160,246.7
1975,160,246.7
1996,160,246.6
2017,160,247.2
2038,160,247.1
2059,160,247.1
2080,160,247.6
2101,160,247.5
2122,160,247.3
2143,160,247.8
2164,160,247.6
2185,160,247.6
2206,160,248.0
2227,160,247.7
2248,160,247.7
2269,160,248.2
2290,160,248.0
2311,160,247.9
2332,160,248.0
2353,160,247.9
2374,160,248.1
2395,160,248.3
2416,160,248.1
2437,160,248.4
2458,160,248.3
2479,160,248.3
2500,160,248.5
2521,160,248.2
2542,160,248.3
2563,160,248.4
2584,160,248.3
2605,160,248.6
2626,160,248.4
2647,160,248.5
2668,160,248.6
2689,160,248.4
2710,160,248.6
2731,160,248.8
2752,160,248.5
2773,160,248.8
2794,160,248.7
2815,160,248.6
2836,160,248.7
2857,160,248.5
2878,160,248.8
2899,160,248.8
2920,160,248.5
2941,160,248.9
2962,160,248.4
2983,160,248.6
3004,-160,248.8
3025,-160,246.8
3046,-160,243.5
3067,-160,240.1
3088,-160,236.4
3109,-160,232.5
3130,-160,228.7
3151,-160,225.0
3172,-160,221.3
3193,-160,217.0
3214,-160,213.6
3235,-160,209.5
3256,-160,205.5
3277,-160,201.8
3298,-160,198.3
3319,-160,194.3
3340,-160,190.6
3361,-160,186.8
3382,-160,183.5
3403,-160,179.6
3424,-160,176.0
3445,-160,172.3
3466,-160,168.7
3487,-160,165.2
3508,-160,161.7
3529,-160,157.8
3550,-160,154.0
3571,-160,150.4
3592,-160,146.2
3613,-160,142.4
3634,-160,138.9
3655,-160,135.3
3676,-160,131.1
3697,-160,127.1
3718,-160,122.9
3739,-160,118.6
3760,-160,113.8
3781,-160,109.2
3802,-160,104.3
3823,-160,99.5
3844,-160,94.3
3865,-160,88.2
3886,-160,82.7
3907,-160,75.6
3928,-160,68.8
3949,-160,61.1
3970,-160,53.2
3991,-160,44.5
4012,-160,33.5
4033,-160,18.0
4054,-160,0.7
4075,-160,-16.6
4096,-160,-33.1
4117,-160,-47.5
4138,-160,-61.5
4159,-160,-75.0
4180,-160,-86.7
4201,-160,-97.9
4222,-160,-108.5
4243,-160,-118.1
4264,-160,-127.1
4285,-160,-135.6
4306,-160,-143.2
4327,-160,-150.3
4348,-160,-157.1
4369,-160,-163.2
4390,-160,-169.1
4411,-160,-174.3
4432,-160,-179.4
4453,-160,-184.1
4474,-160,-188.3
4495,-160,-192.2
4516,-160,-195.9
4537,-160,-199.6
4558,-160,-202.9
4579,-160,-205.7
4600,-160,-208.7
4621,-160,-211.3
4642,-160,-213.7
4663,-160,-216.1
4684,-160,-218.2
4705,-160,-220.1
4726,-160,-222.1
4747,-160,-223.8
4768,-160,-225.6
4789,-160,-226.8
4810,-160,-228.3
4831,-160,-229.6
4852,-160,-231.2
4873,-160,-232.1
4894,-160,-233.2
4915,-160,-234.3
4936,-160,-235.3
4957,-160,-235.9
4978,-160,-236.7
4999,-160,-237.4
5020,-160,-238.4
5041,-160,-239.1
5062,-160,-239.6
5083,-160,-240.3
5104,-160,-240.9
5125,-160,-241.4
5146,-160,-241.8
5167,-160,-242.3
5188,-160,-242.8
5209,-160,-242.9
5230,-160,-243.1
5251,-160,-243.5
5272,-160,-244.2
5293,-160,-244.3
5314,-160,-244.3
5335,-160,-245.1
5356,-160,-245.1
5377,-160,-244.9
5398,-160,-245.4
5419,-160,-245.7
5440,-160,-245.6
5461,-160,-245.9
5482,-160,-246.1
5503,-160,-246.1
5524,-160,-246.2
5545,-160,-246.6
5566,-160,-246.4
5587,-160,-246.5
5608,-160,-246.8
5629,-160,-246.8
5650,-160,-246.9
5671,-160,-247.1
5692,-160,-247.0
5713,-160,-247.0
5734,-160,-247.3
5755,-160,-247.2
5776,-160,-247.1
5797,-160,-247.4
5818,-160,-247.3
5839,-160,-247.4
5860,-160,-247.7
5881,-160,-247.4
5902,-160,-247.5
5923,-160,-247.7
5944,-160,-247.6
5965,-160,-247.6
5986,-160,-247.9
6007,-160,-247.6
6028,-160,-248.0
6049,-160,-247.8
6070,-160,-247.7
6091,-160,-248.0
6112,-160,-247.8
6133,-160,-247.7
6154,-160,-248.1
6175,-160,-247.6
6196,-160,-247.9
6217,-160,-248.0
6238,-160,-247.8
6259,-160,-248.0
6280,-160,-248.0
6301,-160,-247.9
6322,-160,-248.0
6343,-160,-248.1
6364,-160,-248.0
6385,-160,-248.2
6406,-160,-248.2
6427,-160,-248.0
6448,-160,-248.2
6469,-160,-248.0
6490,-160,-248.2
6511,-160,-248.2
6532,-160,-248.1
6553,-160,-248.1
6574,-160,-248.3
6595,-160,-248.0
6616,-160,-248.3
6637,-160,-248.2
6658,-160,-248.0
6679,-160,-248.4
6700,-160,-248.2
6721,-160,-248.2
6742,-160,-248.3
6763,-160,-248.1
6784,-160,-248.3
6805,-160,-248.2
6826,-160,-247.9
6847,-160,-248.4
6868,-160,-248.3
6889,-160,-248.0
6910,-160,-248.2
6931,-160,-248.1
6952,-160,-248.0
6973,-160,-248.2
6994,-160,-247.9
