646,190,0.6
667,190,13.1
688,190,25.3
709,190,39.7
730,190,55.5
751,190,71.8
772,190,86.8
793,190,100.9
814,190,114.3
835,190,126.6
856,190,137.9
877,190,148.7
898,190,158.5
919,190,167.4
940,190,176.2
961,190,184.5
982,190,191.8
1003,190,198.5
1024,190,204.5
1045,190,210.9
1066,190,216.1
1087,190,221.3
1108,190,226.1
1129,190,230.5
1150,190,234.7
1171,190,238.5
1192,190,242.0
1213,190,245.3
1234,190,248.4
1255,190,251.2
1276,190,254.2
1297,190,256.7
1318,190,258.9
1339,190,261.3
1360,190,263.4
1381,190,265.1
1402,190,266.9
1423,190,268.7
1444,190,270.3
1465,190,272.0
1486,190,273.0
1507,190,274.5
1528,190,275.6
1549,190,276.9
1570,190,277.8
1591,190,278.9
1612,190,280.1
1633,190,280.7
1654,190,281.4
1675,190,282.1
1696,190,283.1
1717,190,283.6
1738,190,284.1
1759,190,284.7
1780,190,285.0
1801,190,285.6
1822,190,286.3
1843,190,286.5
1864,190,286.8
1885,190,287.5
1906,190,287.5
1927,190,288.1
1948,190,288.6
1969,190,288.6
1990,190,289.2
2011,190,289.3
2032,190,289.6
2053,190,289.6
2074,190,289.5
2095,190,290.2
2116,190,289.9
2137,190,290.1
2158,190,290.5
2179,190,290.6
2200,190,290.7
2221,190,290.8
2242,190,291.0
2263,190,290.9
2284,190,291.2
2305,190,291.1
2326,190,291.5
2347,190,291.4
2368,190,291.8
2389,190,291.4
2410,190,291.8
2431,190,291.6
2452,190,292.1
2473,190,291.6
2494,190,291.9
2515,190,291.8
2536,190,292.1
2557,190,291.9
2578,190,292.1
2599,190,291.9
2620,190,292.0
2641,190,291.8
2662,190,292.1
2683,190,292.1
2704,190,292.3
2725,190,292.0
2746,190,292.1
2767,190,292.1
2788,190,292.3
2809,190,292.4
2830,190,292.5
2851,190,292.3
2872,190,292.2
2893,190,292.4
2914,190,292.4
2935,190,292.5
2956,190,292.4
2977,190,292.6
2998,190,292.3
3019,-190,292.3
3040,-190,290.9
3061,-190,287.9
3082,-190,284.8
3103,-190,281.2
3124,-190,278.0
3145,-190,274.4
3166,-190,270.8
3187,-190,267.2
3208,-190,263.8
3229,-190,261.0
3250,-190,257.0
3271,-190,254.0
3292,-190,250.4
3313,-190,246.9
3334,-190,243.9
3355,-190,240.5
3376,-190,237.0
3397,-190,233.9
3418,-190,230.3
3439,-190,227.0
3460,-190,223.6
3481,-190,220.8
3502,-190,217.1
3523,-190,214.2
3544,-190,210.7
3565,-190,207.6
3586,-190,204.7
3607,-190,201.6
3628,-190,198.1
3649,-190,195.1
3670,-190,192.1
3691,-190,188.8
3712,-190,185.7
3733,-190,183.0
3754,-190,179.9
3775,-190,176.8
3796,-190,173.9
3817,-190,170.9
3838,-190,167.9
3859,-190,165.0
3880,-190,162.0
3901,-190,159.2
3922,-190,156.2
3943,-190,153.1
3964,-190,149.9
3985,-190,146.9
4006,-190,144.2
4027,-190,141.1
4048,-190,138.2
4069,-190,134.8
4090,-190,132.1
4111,-190,128.7
4132,-190,125.5
4153,-190,122.3
4174,-190,119.2
4195,-190,116.0
4216,-190,113.0
4237,-190,109.9
4258,-190,106.7
4279,-190,103.2
4300,-190,100.0
4321,-190,96.4
4342,-190,93.3
4363,-190,89.7
4384,-190,86.6
4405,-190,83.2
4426,-190,79.7
4447,-190,76.4
4468,-190,73.0
4489,-190,69.8
4510,-190,66.0
4531,-190,62.0
4552,-190,58.4
4573,-190,54.7
4594,-190,50.6
4615,-190,46.7
4636,-190,43.1
4657,-190,38.5
4678,-190,33.7
4699,-190,28.4
4720,-190,22.4
4741,-190,16.5
4762,-190,9.8
4783,-190,2.6
4804,-190,-5.6
4825,-190,-15.4
4846,-190,-26.8
4867,-190,-40.2
4888,-190,-55.6
4909,-190,-71.9
4930,-190,-86.5
4951,-190,-100.7
4972,-190,-114.1
4993,-190,-125.9
5014,-190,-137.5
5035,-190,-148.6
5056,-190,-158.2
5077,-190,-166.9
5098,-190,-176.1
5119,-190,-183.6
5140,-190,-190.7
5161,-190,-198.1
5182,-190,-204.2
5203,-190,-210.0
5224,-190,-215.7
5245,-190,-220.7
5266,-190,-225.4
5287,-190,-229.5
5308,-190,-233.7
5329,-190,-237.8
5350,-190,-241.3
5371,-190,-244.5
5392,-190,-247.6
5413,-190,-250.6
5434,-190,-253.1
5455,-190,-255.9
5476,-190,-258.2
5497,-190,-260.3
5518,-190,-262.6
5539,-190,-264.6
5560,-190,-266.1
5581,-190,-268.0
5602,-190,-269.2
5623,-190,-270.8
5644,-190,-272.2
5665,-190,-273.6
5686,-190,-274.5
5707,-190,-276.0
5728,-190,-277.1
5749,-190,-278.0
5770,-190,-279.0
5791,-190,-279.7
5812,-190,-280.3
5833,-190,-281.3
5854,-190,-282.0
5875,-190,-282.5
5896,-190,-283.1
5917,-190,-283.6
5938,-190,-284.4
5959,-190,-284.7
5980,-190,-285.0
6001,-190,-285.9
6022,-190,-286.0
6043,-190,-286.3
6064,-190,-286.9
6085,-190,-287.0
6106,-190,-287.2
6127,-190,-287.6
6148,-190,-287.7
6169,-190,-288.2
6190,-190,-288.3
6211,-190,-288.5
6232,-190,-288.9
6253,-190,-288.7
6274,-190,-289.2
6295,-190,-289.3
6316,-190,-289.4
6337,-190,-289.8
6358,-190,-289.6
6379,-190,-289.9
6400,-190,-289.9
6421,-190,-290.1
6442,-190,-290.1
6463,-190,-290.3
6484,-190,-290.4
6505,-190,-290.4
6526,-190,-290.5
6547,-190,-290.2
6568,-190,-290.7
6589,-190,-290.4
6610,-190,-290.6
6631,-190,-290.6
6652,-190,-290.9
6673,-190,-290.7
6694,-190,-291.0
6715,-190,-291.1
6736,-190,-291.1
6757,-190,-291.1
6778,-190,-291.0
6799,-190,-291.1
6820,-190,-290.7
6841,-190,-291.4
6862,-190,-291.1
6883,-190,-291.3
6904,-190,-291.1
6925,-190,-291.4
6946,-190,-291.1
6967,-190,-291.4
6988,-190,-291.2
