398,40,0.4
419,40,8.7
440,40,13.2
461,40,17.1
482,40,20.6
503,40,24.0
524,40,26.5
545,40,29.2
566,40,31.7
587,40,34.0
608,40,36.0
629,40,37.9
650,40,39.7
671,40,41.1
692,40,42.6
713,40,43.7
734,40,44.8
755,40,46.0
776,40,47.3
797,40,48.2
818,40,48.8
839,40,49.8
860,40,50.7
881,40,51.3
902,40,51.9
923,40,52.8
944,40,53.1
965,40,53.7
986,40,54.2
1007,40,54.5
1028,40,55.1
1049,40,55.4
1070,40,55.9
1091,40,56.0
1112,40,56.5
1133,40,56.8
1154,40,56.8
1175,40,57.3
1196,40,57.3
1217,40,57.8
1238,40,57.7
1259,40,58.1
1280,40,58.0
1301,40,58.4
1322,40,58.3
1343,40,58.7
1364,40,58.5
1385,40,59.0
1406,40,58.6
1427,40,59.1
1448,40,58.9
1469,40,59.2
1490,40,59.2
1511,40,59.4
1532,40,59.3
1553,40,59.6
1574,40,59.4
1595,40,59.6
1616,40,59.5
1637,40,59.5
1658,40,59.6
1679,40,59.6
1700,40,59.9
1721,40,59.7
1742,40,60.0
1763,40,59.8
1784,40,59.9
1805,40,59.7
1826,40,59.9
1847,40,59.8
1868,40,60.1
1889,40,59.9
1910,40,59.9
1931,40,60.0
1952,40,59.9
1973,40,60.1
1994,40,60.0
2015,40,60.2
2036,40,59.9
2057,40,60.1
2078,40,59.9
2099,40,60.2
2120,40,60.1
2141,40,60.1
2162,40,60.0
2183,40,60.0
2204,40,60.1
2225,40,60.0
2246,40,60.2
2267,40,60.0
2288,40,60.3
2309,40,59.8
2330,40,60.3
2351,40,59.9
2372,40,60.2
2393,40,60.1
2414,40,60.1
2435,40,60.1
2456,40,60.1
2477,40,60.1
2498,40,60.0
2519,40,60.3
2540,40,59.9
2561,40,60.2
2582,40,59.9
2603,40,60.2
2624,40,60.0
2645,40,60.2
2666,40,60.0
2687,40,60.1
2708,40,60.2
2729,40,60.0
2750,40,60.3
2771,40,60.1
2792,40,60.4
2813,40,60.0
2834,40,60.2
2855,40,59.9
2876,40,60.3
2897,40,60.0
2918,40,60.3
2939,40,60.1
2960,40,60.0
2981,40,60.2
3002,-40,60.0
3023,-40,55.9
3044,-40,47.4
3065,-40,38.7
3086,-40,30.4
3107,-40,22.6
3128,-40,15.4
3149,-40,9.0
3170,-40,3.7
3191,-40,-1.2
3212,-40,-5.4
3233,-40,-9.6
3254,-40,-13.9
3275,-40,-17.4
3296,-40,-21.1
3317,-40,-23.8
3338,-40,-26.9
3359,-40,-29.5
3380,-40,-31.7
3401,-40,-33.9
3422,-40,-36.0
3443,-40,-37.7
3464,-40,-39.3
3485,-40,-40.9
3506,-40,-42.5
3527,-40,-44.0
3548,-40,-45.3
3569,-40,-46.3
3590,-40,-47.1
3611,-40,-48.2
3632,-40,-49.2
3653,-40,-50.0
3674,-40,-50.6
3695,-40,-51.6
3716,-40,-52.1
3737,-40,-52.5
3758,-40,-53.4
3779,-40,-53.8
3800,-40,-54.2
3821,-40,-54.8
3842,-40,-55.1
3863,-40,-55.7
3884,-40,-55.8
3905,-40,-56.2
3926,-40,-56.6
3947,-40,-56.8
3968,-40,-57.0
3989,-40,-57.2
4010,-40,-57.7
4031,-40,-57.8
4052,-40,-58.0
4073,-40,-57.9
4094,-40,-58.4
4115,-40,-58.3
4136,-40,-58.6
4157,-40,-58.7
4178,-40,-58.9
4199,-40,-58.8
4220,-40,-59.1
4241,-40,-59.1
4262,-40,-59.4
4283,-40,-59.3
4304,-40,-59.3
4325,-40,-59.6
4346,-40,-59.6
4367,-40,-59.7
4388,-40,-59.5
4409,-40,-59.7
4430,-40,-59.5
4451,-40,-59.9
4472,-40,-59.8
4493,-40,-59.9
4514,-40,-59.8
4535,-40,-59.9
4556,-40,-59.8
4577,-40,-60.1
4598,-40,-60.1
4619,-40,-60.0
4640,-40,-60.1
4661,-40,-60.0
4682,-40,-60.1
4703,-40,-60.0
4724,-40,-60.3
4745,-40,-59.9
4766,-40,-60.2
4787,-40,-60.1
4808,-40,-60.3
4829,-40,-60.0
4850,-40,-60.2
4871,-40,-60.3
4892,-40,-60.2
4913,-40,-60.3
4934,-40,-60.1
4955,-40,-60.4
4976,-40,-60.1
4997,-40,-60.3
5018,-40,-60.2
5039,-40,-60.4
5060,-40,-60.2
5081,-40,-60.2
5102,-40,-60.1
5123,-40,-60.3
5144,-40,-60.3
5165,-40,-60.1
5186,-40,-60.3
5207,-40,-60.2
5228,-40,-60.4
5249,-40,-60.1
5270,-40,-60.3
5291,-40,-60.2
5312,-40,-60.3
5333,-40,-60.2
5354,-40,-60.3
5375,-40,-60.4
5396,-40,-60.2
5417,-40,-60.3
5438,-40,-60.0
5459,-40,-60.5
5480,-40,-60.2
5501,-40,-60.3
5522,-40,-60.2
5543,-40,-60.3
5564,-40,-60.3
5585,-40,-60.2
5606,-40,-60.4
5627,-40,-60.2
5648,-40,-60.4
5669,-40,-60.2
5690,-40,-60.5
5711,-40,-60.1
5732,-40,-60.2
5753,-40,-60.1
5774,-40,-60.3
5795,-40,-60.4
5816,-40,-60.3
5837,-40,-60.4
5858,-40,-60.1
5879,-40,-60.3
5900,-40,-60.3
5921,-40,-60.4
5942,-40,-60.2
5963,-40,-60.4
5984,-40,-60.2
6005,-40,-60.5
6026,-40,-60.3
6047,-40,-60.2
6068,-40,-60.3
6089,-40,-60.2
6110,-40,-60.4
6131,-40,-60.1
6152,-40,-60.5
6173,-40,-60.1
6194,-40,-60.5
6215,-40,-60.2
6236,-40,-60.3
6257,-40,-60.1
6278,-40,-60.2
6299,-40,-60.3
6320,-40,-60.2
6341,-40,-60.3
6362,-40,-60.1
6383,-40,-60.3
6404,-40,-60.1
6425,-40,-60.5
6446,-40,-60.3
6467,-40,-60.3
6488,-40,-60.2
6509,-40,-60.4
6530,-40,-60.3
6551,-40,-60.2
6572,-40,-60.4
6593,-40,-60.1
6614,-40,-60.4
6635,-40,-60.2
6656,-40,-60.4
6677,-40,-60.2
6698,-40,-60.4
6719,-40,-60.4
6740,-40,-60.3
6761,-40,-60.4
6782,-40,-60.2
6803,-40,-60.4
6824,-40,-60.0
6845,-40,-60.4
6866,-40,-60.2
6887,-40,-60.5
6908,-40,-60.2
6929,-40,-60.2
6950,-40,-60.4
6971,-40,-60.3
6992,-40,-60.3
