396,70,0.0
417,70,9.5
438,70,17.4
459,70,24.8
480,70,31.1
501,70,37.3
522,70,42.8
543,70,47.4
564,70,52.4
585,70,56.6
606,70,60.2
627,70,63.9
648,70,67.3
669,70,70.5
690,70,73.3
711,70,75.8
732,70,78.0
753,70,80.6
774,70,82.5
795,70,84.3
816,70,85.9
837,70,87.5
858,70,89.2
879,70,90.5
900,70,91.7
921,70,93.2
942,70,94.0
963,70,95.2
984,70,96.0
1005,70,97.2
1026,70,97.7
1047,70,98.7
1068,70,99.2
1089,70,99.9
1110,70,100.5
1131,70,101.0
1152,70,101.5
1173,70,102.0
1194,70,102.6
1215,70,102.9
1236,70,103.1
1257,70,103.8
1278,70,103.9
1299,70,104.1
1320,70,104.6
1341,70,104.8
1362,70,104.8
1383,70,105.4
1404,70,105.5
1425,70,105.5
1446,70,105.7
1467,70,106.1
1488,70,106.1
1509,70,106.0
1530,70,106.5
1551,70,106.7
1572,70,106.4
1593,70,106.5
1614,70,106.8
1635,70,106.9
1656,70,106.9
1677,70,107.0
1698,70,107.2
1719,70,107.4
1740,70,107.0
1761,70,107.2
1782,70,107.5
1803,70,107.3
1824,70,107.1
1845,70,107.4
1866,70,107.5
1887,70,107.6
1908,70,107.5
1929,70,107.4
1950,70,107.6
1971,70,107.8
1992,70,107.7
2013,70,107.5
2034,70,107.8
2055,70,108.0
2076,70,107.6
2097,70,107.6
2118,70,107.7
2139,70,107.9
2160,70,107.9
2181,70,107.7
2202,70,107.8
2223,70,108.0
2244,70,107.8
2265,70,107.5
2286,70,107.8
2307,70,108.0
2328,70,107.9
2349,70,107.8
2370,70,107.7
2391,70,107.8
2412,70,108.0
2433,70,107.8
2454,70,107.7
2475,70,107.8
2496,70,108.0
2517,70,107.9
2538,70,107.6
2559,70,107.8
2580,70,108.0
2601,70,108.0
2622,70,107.8
2643,70,107.8
2664,70,108.0
2685,70,107.9
2706,70,107.7
2727,70,107.7
2748,70,108.1
2769,70,108.1
2790,70,107.8
2811,70,107.8
2832,70,107.8
2853,70,108.0
2874,70,107.8
2895,70,107.8
2916,70,107.9
2937,70,107.9
2958,70,108.1
2979,70,107.6
3000,70,107.9
3021,-70,108.0
3042,-70,100.4
3063,-70,86.2
3084,-70,71.5
3105,-70,58.0
3126,-70,44.1
3147,-70,32.1
3168,-70,20.9
3189,-70,10.2
3210,-70,1.1
3231,-70,-7.4
3252,-70,-15.9
3273,-70,-22.8
3294,-70,-29.3
3315,-70,-35.5
3336,-70,-40.9
3357,-70,-46.1
3378,-70,-51.1
3399,-70,-55.2
3420,-70,-59.5
3441,-70,-62.9
3462,-70,-66.4
3483,-70,-69.6
3504,-70,-72.6
3525,-70,-75.1
3546,-70,-77.6
3567,-70,-79.9
3588,-70,-82.0
3609,-70,-83.9
3630,-70,-85.6
3651,-70,-87.3
3672,-70,-88.9
3693,-70,-90.2
3714,-70,-91.5
3735,-70,-92.8
3756,-70,-93.8
3777,-70,-95.1
3798,-70,-95.8
3819,-70,-97.0
3840,-70,-97.6
3861,-70,-98.5
3882,-70,-99.0
3903,-70,-100.0
3924,-70,-100.5
3945,-70,-101.0
3966,-70,-101.7
3987,-70,-101.9
4008,-70,-102.6
4029,-70,-102.8
4050,-70,-103.2
4071,-70,-103.7
4092,-70,-103.9
4113,-70,-104.1
4134,-70,-104.8
4155,-70,-104.9
4176,-70,-105.0
4197,-70,-105.4
4218,-70,-105.5
4239,-70,-105.6
4260,-70,-105.8
4281,-70,-106.2
4302,-70,-106.2
4323,-70,-106.2
4344,-70,-106.6
4365,-70,-106.8
4386,-70,-106.6
4407,-70,-106.8
4428,-70,-107.1
4449,-70,-107.2
4470,-70,-107.1
4491,-70,-107.0
4512,-70,-107.4
4533,-70,-107.5
4554,-70,-107.2
4575,-70,-107.4
4596,-70,-107.5
4617,-70,-107.6
4638,-70,-107.4
4659,-70,-107.4
4680,-70,-107.7
4701,-70,-107.7
4722,-70,-107.8
4743,-70,-107.6
4764,-70,-107.9
4785,-70,-108.0
4806,-70,-107.7
4827,-70,-107.8
4848,-70,-107.8
4869,-70,-108.0
4890,-70,-108.0
4911,-70,-107.8
4932,-70,-107.7
4953,-70,-108.1
4974,-70,-108.0
4995,-70,-107.9
5016,-70,-107.8
5037,-70,-108.0
5058,-70,-108.1
5079,-70,-108.0
5100,-70,-107.8
5121,-70,-108.0
5142,-70,-108.1
5163,-70,-108.1
5184,-70,-107.9
5205,-70,-107.9
5226,-70,-108.1
5247,-70,-108.1
5268,-70,-108.1
5289,-70,-107.8
5310,-70,-108.2
5331,-70,-108.2
5352,-70,-108.1
5373,-70,-107.9
5394,-70,-108.0
5415,-70,-108.2
5436,-70,-108.1
5457,-70,-107.9
5478,-70,-107.8
5499,-70,-108.2
5520,-70,-108.3
5541,-70,-108.1
5562,-70,-108.0
5583,-70,-108.1
5604,-70,-108.2
5625,-70,-108.0
5646,-70,-107.9
5667,-70,-108.0
5688,-70,-108.2
5709,-70,-108.1
5730,-70,-107.9
5751,-70,-107.9
5772,-70,-108.1
5793,-70,-108.2
5814,-70,-108.1
5835,-70,-107.9
5856,-70,-108.2
5877,-70,-108.1
5898,-70,-108.1
5919,-70,-108.0
5940,-70,-107.9
5961,-70,-108.2
5982,-70,-108.1
6003,-70,-108.0
6024,-70,-107.9
6045,-70,-108.1
6066,-70,-108.2
6087,-70,-108.1
6108,-70,-108.0
6129,-70,-107.9
6150,-70,-108.2
6171,-70,-108.1
6192,-70,-107.9
6213,-70,-108.0
6234,-70,-108.3
6255,-70,-108.2
6276,-70,-107.9
6297,-70,-108.0
6318,-70,-108.1
6339,-70,-108.2
6360,-70,-108.1
6381,-70,-107.9
6402,-70,-108.2
6423,-70,-108.3
6444,-70,-108.2
6465,-70,-107.9
6486,-70,-108.0
6507,-70,-108.1
6528,-70,-108.2
6549,-70,-108.1
6570,-70,-107.9
6591,-70,-108.2
6612,-70,-108.2
6633,-70,-108.2
6654,-70,-108.1
6675,-70,-108.0
6696,-70,-108.1
6717,-70,-108.2
6738,-70,-107.9
6759,-70,-107.9
6780,-70,-108.2
6801,-70,-108.1
6822,-70,-108.1
6843,-70,-107.9
6864,-70,-108.1
6885,-70,-108.2
6906,-70,-108.1
6927,-70,-107.9
6948,-70,-108.0
6969,-70,-108.2
6990,-70,-108.2
