384,0.0,7.635
405,0.6,7.510
426,-11.4,7.528
447,-25.8,7.537
468,-39.6,7.555
489,-53.2,7.546
510,-65.5,7.564
531,-76.9,7.590
552,-88.2,7.590
573,-97.9,7.599
594,-107.0,7.608
615,-115.5,7.608
636,-123.1,7.608
657,-130.0,7.617
678,-137.0,7.626
699,-143.2,7.635
720,-148.6,7.644
741,-154.1,7.644
762,-158.8,7.653
783,-163.3,7.653
804,-167.3,7.653
825,-171.2,7.653
846,-174.7,7.662
867,-178.1,7.671
888,-180.9,7.671
909,-183.7,7.671
930,-186.5,7.671
951,-188.8,7.671
972,-191.1,7.671
993,-193.2,7.671
1014,-195.1,7.671
1035,-196.8,7.680
1056,-198.7,7.689
1077,-200.2,7.680
1098,-201.3,7.680
1119,-202.7,7.689
1140,-204.1,7.698
1161,-205.2,7.671
1182,-206.1,7.689
1203,-207.2,7.689
1224,-208.4,7.689
1245,-208.9,7.689
1266,-209.8,7.689
1287,-210.5,7.689
1308,-211.1,7.698
1329,-212.1,7.689
1350,-212.4,7.689
1371,-213.0,7.698
1392,-213.4,7.698
1413,-214.1,7.698
1434,-214.3,7.698
1455,-215.0,7.689
1476,-215.0,7.689
1497,-215.7,7.698
1518,-215.7,7.689
1539,-216.3,7.698
1560,-216.2,7.707
1581,-216.7,7.689
1602,-216.9,7.698
1623,-217.1,7.698
1644,-217.2,7.698
1665,-217.3,7.698
1686,-217.9,7.689
1707,-217.7,7.707
1728,-218.0,7.707
1749,-218.2,7.698
1770,-218.1,7.698
1791,-218.5,7.698
1812,-218.2,7.707
1833,-218.5,7.689
1854,-218.8,7.698
1875,-218.6,7.698
1896,-219.0,7.698
1917,-218.8,7.698
1938,-219.0,7.689
1959,-219.2,7.707
1980,-218.9,7.698
2001,-219.2,7.698
2022,-219.4,7.698
2043,-219.2,7.698
2064,-219.4,7.698
2085,-219.3,7.698
2106,-219.4,7.698
2127,-219.4,7.698
2148,-219.2,7.698
2169,-219.5,7.698
2190,-219.4,7.698
2211,-219.3,7.698
2232,-219.7,7.698
2253,-219.5,7.707
2274,-219.5,7.698
2295,-219.8,7.707
2316,-219.7,7.707
2337,-219.8,7.698
2358,-219.6,7.698
2379,-219.7,7.707
2400,-219.9,7.707
2421,-219.5,7.698
2442,-219.9,7.698
2463,-219.9,7.698
2484,-219.7,7.698
2505,-219.6,7.698
2526,-220.0,7.698
2547,-219.5,7.698
2568,-219.9,7.698
2589,-219.8,7.698
2610,-219.7,7.689
2631,-219.8,7.698
2652,-219.7,7.698
2673,-219.8,7.689
2694,-219.9,7.707
2715,-219.6,7.698
2736,-219.9,7.698
2757,-220.0,7.707
2778,-219.7,7.698
2799,-220.0,7.698
2820,-219.9,7.707
2841,-219.5,7.707
2862,-220.0,7.698
2883,-219.9,7.698
2904,-219.8,7.707
2925,-219.9,7.698
2946,-219.7,7.698
2967,-220.0,7.707
2988,-219.8,7.698
3009,-219.7,7.698
3030,-220.0,7.698
3051,-219.8,7.698
3072,-219.7,7.707
3093,-219.9,7.707
3114,-219.8,7.707
3135,-219.6,7.698
3156,-219.9,7.698
3177,-219.6,7.698
3198,-219.8,7.698
3219,-220.0,7.698
3240,-219.6,7.707
3261,-219.9,7.707
3282,-219.8,7.698
3303,-219.7,7.698
3324,-220.0,7.698
3345,-219.7,7.698
3366,-219.6,7.698
3387,-219.9,7.698
3408,-219.6,7.698
3429,-219.6,7.698
3450,-219.9,7.698
3471,-219.6,7.707
3492,-219.4,6.706
