768,0.4,7.644
789,0.5,7.653
810,-6.1,7.653
831,-14.1,7.653
852,-22.8,7.662
873,-30.4,7.671
894,-37.2,7.671
915,-43.8,7.671
936,-49.4,7.680
957,-55.0,7.689
978,-60.0,7.689
999,-64.6,7.680
1020,-68.8,7.689
1041,-72.8,7.689
1062,-76.2,7.689
1083,-79.4,7.698
1104,-82.5,7.698
1125,-85.3,7.698
1146,-87.4,7.707
1167,-89.9,7.698
1188,-92.1,7.698
1209,-93.9,7.707
1230,-95.9,7.707
1251,-97.2,7.698
1272,-99.1,7.707
1293,-100.4,7.707
1314,-101.6,7.707
1335,-103.0,7.707
1356,-103.8,7.707
1377,-104.9,7.707
1398,-106.1,7.707
1419,-107.0,7.698
1440,-107.5,7.716
1461,-108.3,7.716
1482,-109.2,7.707
1503,-109.8,7.707
1524,-110.3,7.707
1545,-110.6,7.707
1566,-111.1,7.707
1587,-111.7,7.707
1608,-112.1,7.716
1629,-112.7,7.707
1650,-113.1,7.707
1671,-113.3,7.707
1692,-113.6,7.716
1713,-113.9,7.716
1734,-114.0,7.707
1755,-114.1,7.716
1776,-114.4,7.716
1797,-114.7,7.707
1818,-114.8,7.716
1839,-114.9,7.707
1860,-115.1,7.716
1881,-115.4,7.716
1902,-115.5,7.716
1923,-115.6,7.707
1944,-115.7,7.716
1965,-115.8,7.707
1986,-116.0,7.716
2007,-116.0,7.707
2028,-116.2,7.716
2049,-116.4,7.716
2070,-116.3,7.716
2091,-116.5,7.716
2112,-116.5,7.707
2133,-116.6,7.716
2154,-116.7,7.707
2175,-116.8,7.707
2196,-116.7,7.716
2217,-116.8,7.716
2238,-116.8,7.716
2259,-116.9,7.716
2280,-116.8,7.716
2301,-116.8,7.716
2322,-116.9,7.716
2343,-116.9,7.716
2364,-117.0,7.707
2385,-117.0,7.716
2406,-117.0,7.707
2427,-117.0,7.707
2448,-117.1,7.716
2469,-117.0,7.716
2490,-116.9,7.716
2511,-117.0,7.716
2532,-117.1,7.716
2553,-117.1,7.716
2574,-117.2,7.716
2595,-117.0,7.724
2616,-117.2,7.716
2637,-117.1,7.724
2658,-117.1,7.716
2679,-117.2,7.716
2700,-117.2,7.716
2721,-117.2,7.716
2742,-117.2,7.716
2763,-117.1,7.716
2784,-117.2,7.716
2805,-117.2,7.716
2826,-117.2,7.716
2847,-117.3,7.716
2868,-117.2,7.716
2889,-117.2,7.716
2910,-117.2,7.716
2931,-117.2,7.724
2952,-117.3,7.716
2973,-117.2,7.724
2994,-117.3,7.716
3015,-117.2,7.716
3036,-117.1,7.716
3057,-117.3,7.716
3078,-117.3,7.716
3099,-117.2,7.716
3120,-117.2,7.716
3141,-117.2,7.716
3162,-117.2,7.724
3183,-117.2,7.716
3204,-117.1,7.716
3225,-117.2,7.716
3246,-117.3,7.716
3267,-117.2,7.716
3288,-117.1,7.724
3309,-117.2,7.707
3330,-117.3,7.724
3351,-117.2,7.716
3372,-117.1,7.716
3393,-117.2,7.716
3414,-117.1,7.716
3435,-117.2,7.716
