638,-0.6,7.689
659,-5.9,7.733
680,-5.7,7.724
701,-4.4,7.733
722,-2.9,7.733
743,-1.3,7.733
764,0.3,7.733
785,1.3,7.733
806,2.3,7.733
827,3.0,7.733
848,3.4,7.733
869,4.0,7.742
890,5.0,7.733
911,6.2,7.733
932,6.9,7.733
953,7.0,7.742
974,7.6,7.733
995,8.2,7.733
1016,8.6,7.742
1037,9.1,7.733
1058,9.4,7.733
1079,9.5,7.733
1100,10.2,7.742
1121,10.6,7.742
1142,10.6,7.733
1163,11.1,7.733
1184,11.3,7.742
1205,11.4,7.733
1226,11.4,7.733
1247,12.1,7.733
1268,12.0,7.733
1289,11.9,7.733
1310,12.1,7.733
1331,12.3,7.733
1352,12.2,7.733
1373,12.4,7.733
1394,12.6,7.742
1415,12.5,7.733
1436,12.8,7.733
1457,13.0,7.733
1478,12.9,7.733
1499,12.9,7.733
1520,13.3,7.742
1541,12.9,7.742
1562,13.1,7.742
1583,13.3,7.733
1604,13.1,7.733
1625,13.2,7.742
1646,13.4,7.733
1667,13.2,7.733
1688,13.4,7.733
1709,13.5,7.742
1730,13.5,7.742
1751,13.6,7.733
1772,13.6,7.742
1793,13.4,7.733
1814,13.4,7.742
1835,13.5,7.733
1856,13.2,7.742
1877,13.5,7.733
1898,13.6,7.733
1919,13.5,7.742
1940,13.6,7.733
1961,13.7,7.733
1982,13.5,7.742
2003,13.9,7.742
2024,13.5,7.733
2045,13.7,7.733
2066,13.7,7.742
2087,13.5,7.733
2108,13.5,7.742
2129,13.8,7.742
2150,13.5,7.733
2171,13.8,7.733
2192,13.8,7.742
2213,13.6,7.733
2234,13.9,7.733
2255,13.7,7.742
2276,13.7,7.733
2297,13.7,7.733
2318,13.7,7.742
2339,13.5,7.733
2360,13.8,7.733
2381,13.6,7.742
2402,13.6,7.742
2423,13.8,7.742
2444,13.6,7.742
2465,13.7,7.742
2486,13.9,7.742
2507,13.5,7.742
2528,13.5,7.733
2549,13.8,7.742
2570,13.7,7.733
2591,13.8,7.742
2612,13.8,7.733
2633,13.7,7.742
2654,13.6,7.742
2675,13.8,7.742
2696,13.6,7.742
2717,13.9,7.742
2738,13.7,7.733
2759,13.6,7.742
2780,13.8,7.742
2801,13.7,7.733
2822,13.4,7.742
2843,13.8,7.733
2864,13.6,7.733
2885,13.6,7.742
2906,13.7,7.733
2927,13.7,7.742
2948,13.6,7.733
2969,13.8,7.742
2990,13.6,7.733
3011,13.6,7.733
3032,13.7,7.742
3053,13.6,7.733
3074,13.7,7.742
3095,13.8,7.733
3116,13.6,7.733
3137,13.9,7.742
3158,13.8,7.733
3179,13.7,7.742
3200,14.0,7.742
3221,13.8,7.742
3242,13.7,7.733
3263,13.6,7.742
3284,13.6,7.742
3305,13.5,7.742
3326,13.7,7.742
3347,13.6,7.733
3368,13.6,7.742
3389,13.7,7.733
3410,13.6,7.742
3431,13.8,7.742
3452,13.7,7.733
3473,13.7,7.742
3494,13.8,7.742
3515,13.7,7.733
3536,13.5,7.733
3557,13.9,7.733
3578,13.7,7.742
3599,13.6,7.733
3620,13.9,7.742
3641,13.8,7.742
3662,13.7,7.742
3683,14.0,7.733
3704,13.6,7.742
3725,13.7,7.733
3746,13.8,7.742
3767,13.4,7.742
3788,13.6,7.742
3809,13.7,7.742
3830,13.4,7.742
3851,13.6,7.742
3872,13.7,7.742
3893,13.5,7.742
3914,13.8,7.742
3935,13.7,7.742
3956,13.6,7.742
3977,13.6,7.742
3998,13.7,7.733
4019,13.6,7.742
4040,13.9,7.733
4061,13.5,7.751
4082,13.7,7.733
4103,13.9,7.733
4124,13.6,7.742
4145,13.8,7.742
4166,13.9,7.742
4187,13.6,7.742
4208,13.6,7.733
4229,13.7,7.733
4250,13.5,7.742
4271,13.7,7.742
4292,13.6,7.742
4313,13.5,7.742
4334,13.7,7.742
4355,13.8,7.742
4376,13.6,7.742
4397,13.8,7.733
4418,13.7,7.742
4439,13.7,7.733
4460,13.7,7.733
4481,13.6,7.742
4502,13.5,7.742
4523,13.9,7.742
4544,13.7,7.733
4565,13.8,7.742
4586,13.7,7.733
4607,13.8,7.742
4628,13.9,7.733
4649,13.8,7.733
4670,13.5,7.742
4691,13.7,7.742
4712,13.7,7.742
4733,13.5,7.742
4754,13.6,7.742
4775,13.5,7.742
4796,13.6,7.742
4817,13.8,7.733
4838,13.8,7.742
4859,13.4,7.742
4880,13.9,7.742
4901,13.5,7.733
4922,13.7,7.733
4943,13.8,7.733
4964,13.6,7.733
4985,13.7,7.742
5006,13.8,7.742
5027,13.6,7.742
5048,13.8,7.733
5069,13.9,7.742
5090,13.7,7.742
