646,-0.2,7.564
667,4.9,7.537
688,17.4,7.546
709,32.3,7.528
730,45.8,7.555
751,58.8,7.573
772,71.4,7.573
793,82.6,7.582
814,92.3,7.599
835,102.3,7.608
856,111.2,7.626
877,119.0,7.617
898,126.8,7.626
919,133.8,7.635
940,139.9,7.635
961,145.9,7.635
982,151.3,7.653
1003,156.3,7.662
1024,160.9,7.662
1045,165.4,7.653
1066,169.4,7.662
1087,173.0,7.671
1108,176.4,7.671
1129,179.5,7.662
1150,182.4,7.671
1171,185.0,7.680
1192,187.8,7.680
1213,190.3,7.680
1234,192.4,7.680
1255,194.4,7.680
1276,196.2,7.680
1297,198.0,7.680
1318,199.5,7.689
1339,200.7,7.689
1360,202.1,7.689
1381,203.5,7.698
1402,204.9,7.698
1423,205.8,7.698
1444,206.8,7.698
1465,207.9,7.689
1486,208.6,7.689
1507,209.5,7.698
1528,210.3,7.698
1549,210.8,7.698
1570,211.7,7.698
1591,211.9,7.698
1612,212.6,7.689
1633,213.0,7.698
1654,213.7,7.698
1675,214.0,7.707
1696,214.7,7.707
1717,214.7,7.698
1738,215.1,7.707
1759,215.4,7.707
1780,216.0,7.707
1801,216.0,7.698
1822,216.5,7.707
1843,216.4,7.707
1864,217.0,7.707
1885,217.0,7.707
1906,217.3,7.707
1927,217.4,7.707
1948,217.4,7.707
1969,218.0,7.707
1990,217.7,7.707
2011,218.1,7.707
2032,218.0,7.707
2053,218.4,7.707
2074,218.5,7.707
2095,218.2,7.707
2116,218.5,7.698
2137,218.6,7.707
2158,218.7,7.707
2179,218.8,7.698
2200,218.8,7.707
2221,218.9,7.707
2242,219.2,7.707
2263,218.8,7.707
2284,219.1,7.698
2305,219.2,7.698
2326,219.1,7.698
2347,219.3,7.707
2368,219.2,7.707
2389,219.4,7.698
2410,219.3,7.707
2431,219.2,7.707
2452,219.6,7.707
2473,219.3,7.707
2494,219.1,7.707
2515,219.6,7.707
2536,219.2,7.707
2557,219.4,7.707
2578,219.4,7.707
2599,219.5,7.707
2620,219.7,7.707
2641,219.4,7.698
2662,219.7,7.707
2683,219.8,7.707
2704,219.4,7.707
2725,219.6,7.698
2746,219.7,7.698
2767,219.4,7.707
2788,219.8,7.707
2809,219.6,7.698
2830,219.6,7.707
2851,219.6,7.707
2872,219.6,7.707
2893,219.7,7.707
2914,219.7,7.707
2935,219.5,7.707
2956,219.8,7.707
2977,219.6,7.707
2998,219.4,7.707
3019,219.7,7.707
3040,219.7,7.707
3061,219.6,7.707
3082,219.6,7.707
3103,219.5,7.707
3124,219.6,7.707
3145,219.6,7.707
3166,219.5,7.707
3187,219.8,7.707
3208,219.5,7.716
3229,219.4,7.707
3250,219.8,7.707
3271,219.4,7.707
3292,219.6,7.707
3313,219.7,7.698
3334,219.5,7.707
3355,219.8,7.707
3376,219.7,7.716
3397,219.6,7.707
3418,219.7,7.707
3439,219.6,7.707
3460,219.8,7.707
3481,219.9,7.716
3502,219.5,7.707
3523,219.7,7.716
3544,219.8,7.707
3565,219.4,7.698
3586,219.6,7.707
3607,219.7,7.716
3628,219.6,7.716
3649,219.7,7.707
3670,219.6,7.707
3691,219.7,7.707
3712,219.8,7.707
3733,219.5,7.707
3754,219.8,7.707
3775,219.7,7.707
3796,219.3,7.707
3817,220.1,7.707
3838,219.7,7.707
3859,219.6,7.707
3880,219.7,7.707
3901,219.5,7.716
3922,219.8,7.707
3943,219.7,7.707
3964,219.6,7.707
3985,219.7,7.707
4006,219.6,7.707
4027,219.5,7.707
4048,219.8,7.707
4069,219.5,7.707
4090,219.6,7.707
4111,219.7,7.707
4132,219.6,7.707
4153,219.7,7.698
4174,219.6,7.707
4195,219.7,7.707
4216,219.8,7.707
4237,219.5,7.716
4258,219.6,7.707
4279,219.7,7.707
4300,219.4,7.707
4321,219.5,7.707
4342,219.8,7.707
4363,219.4,7.707
4384,219.8,7.707
4405,219.7,7.707
4426,219.6,7.707
4447,219.7,7.707
4468,219.6,7.707
4489,219.7,7.707
4510,219.9,7.707
4531,219.6,7.707
4552,219.7,7.707
4573,219.8,7.716
4594,219.2,7.707
4615,219.5,7.707
