374,-0.4,7.519
395,3.5,7.448
416,18.8,7.457
437,35.5,7.465
458,52.1,7.483
479,68.4,7.492
500,83.0,7.510
521,96.6,7.519
542,109.5,7.528
563,121.0,7.555
584,131.9,7.573
605,142.3,7.582
626,151.2,7.582
647,159.8,7.590
668,168.2,7.582
689,175.3,7.599
710,182.0,7.599
731,188.4,7.608
752,194.2,7.626
773,199.6,7.635
794,204.8,7.635
815,209.4,7.644
836,213.2,7.635
857,217.5,7.635
878,221.2,7.644
899,224.3,7.644
920,227.6,7.662
941,230.5,7.662
962,233.4,7.653
983,235.8,7.662
1004,238.3,7.662
1025,240.7,7.662
1046,242.7,7.671
1067,244.4,7.662
1088,246.3,7.671
1109,247.6,7.671
1130,249.5,7.671
1151,250.9,7.680
1172,251.8,7.671
1193,253.1,7.671
1214,254.2,7.671
1235,255.6,7.680
1256,256.2,7.689
1277,257.3,7.689
1298,258.2,7.689
1319,258.9,7.689
1340,259.7,7.689
1361,260.3,7.680
1382,260.8,7.689
1403,261.6,7.689
1424,262.0,7.698
1445,262.6,7.689
1466,263.0,7.689
1487,263.7,7.680
1508,263.8,7.689
1529,264.0,7.698
1550,264.3,7.689
1571,265.0,7.689
1592,265.2,7.689
1613,265.4,7.689
1634,265.4,7.689
1655,265.8,7.698
1676,266.1,7.689
1697,266.2,7.689
1718,266.7,7.689
1739,266.7,7.698
1760,267.0,7.698
1781,266.8,7.698
1802,267.0,7.698
1823,267.2,7.698
1844,267.5,7.689
1865,267.6,7.698
1886,267.9,7.689
1907,267.8,7.689
1928,267.5,7.689
1949,267.7,7.689
1970,267.8,7.698
1991,268.2,7.698
2012,268.2,7.698
2033,268.3,7.698
2054,268.2,7.689
2075,268.4,7.698
2096,268.2,7.698
2117,268.3,7.689
2138,268.4,7.698
2159,268.7,7.689
2180,268.6,7.698
2201,268.7,7.689
2222,268.7,7.689
2243,268.5,7.689
2264,268.5,7.689
2285,268.4,7.698
2306,268.5,7.689
2327,268.6,7.689
2348,268.8,7.698
2369,268.7,7.698
2390,268.9,7.698
2411,268.8,7.698
2432,268.8,7.698
2453,268.5,7.698
2474,268.6,7.689
2495,268.5,7.698
2516,268.8,7.698
2537,269.0,7.698
2558,268.9,7.689
2579,269.1,7.698
2600,268.8,7.698
2621,269.0,7.698
2642,268.8,7.698
2663,268.7,7.698
2684,268.8,7.689
2705,268.7,7.698
2726,269.0,7.689
2747,269.0,7.689
2768,269.2,7.689
2789,269.1,7.698
2810,269.1,7.698
2831,269.0,7.698
2852,268.8,7.698
2873,269.0,7.698
2894,268.8,7.689
2915,269.0,7.689
2936,269.0,7.698
2957,269.2,7.698
2978,269.2,7.698
2999,269.2,7.698
3020,269.0,7.698
3041,268.8,7.698
3062,269.0,7.689
3083,268.7,7.698
3104,269.0,7.698
3125,268.9,7.698
3146,269.2,7.698
3167,269.0,7.698
3188,269.1,7.698
3209,269.1,7.698
3230,269.2,7.689
3251,269.0,7.698
3272,268.9,7.689
3293,269.0,7.698
3314,269.0,7.698
3335,269.1,7.698
3356,269.0,7.698
3377,269.1,7.689
3398,269.3,7.689
3419,269.2,7.689
3440,269.1,7.698
3461,269.0,7.698
3482,269.0,7.698
3503,268.9,7.689
3524,269.0,7.698
3545,268.9,7.689
3566,269.0,7.689
3587,269.2,7.680
3608,269.3,7.698
3629,269.1,7.707
3650,269.0,7.698
3671,268.9,7.698
3692,268.8,7.689
3713,269.0,7.689
