520,-0.4,7.483
541,0.5,7.430
562,14.2,7.287
583,33.8,7.278
604,54.0,7.278
625,75.6,7.314
646,95.1,7.314
667,113.6,7.349
688,131.6,7.385
709,147.8,7.412
730,163.1,7.412
751,177.7,7.421
772,190.6,7.448
793,202.8,7.457
814,214.5,7.465
835,225.0,7.483
856,234.5,7.510
877,243.8,7.519
898,252.2,7.528
919,259.8,7.537
940,267.2,7.546
961,273.7,7.546
982,279.9,7.555
1003,285.4,7.573
1024,290.8,7.582
1045,295.4,7.590
1066,300.0,7.590
1087,304.5,7.590
1108,308.1,7.599
1129,311.9,7.599
1150,315.4,7.599
1171,318.3,7.608
1192,321.1,7.617
1213,324.1,7.626
1234,326.5,7.617
1255,328.8,7.626
1276,331.1,7.635
1297,332.9,7.635
1318,335.0,7.635
1339,336.8,7.635
1360,338.3,7.635
1381,339.3,7.635
1402,341.1,7.635
1423,342.4,7.644
1444,343.4,7.644
1465,344.8,7.644
1486,345.6,7.653
1507,346.5,7.644
1528,347.6,7.644
1549,348.4,7.644
1570,349.3,7.653
1591,350.2,7.653
1612,350.6,7.653
1633,351.5,7.653
1654,352.1,7.644
1675,352.3,7.653
1696,352.9,7.653
1717,353.5,7.653
1738,353.8,7.662
1759,354.2,7.662
1780,354.7,7.662
1801,355.3,7.653
1822,355.5,7.662
1843,355.9,7.662
1864,356.1,7.653
1885,356.4,7.662
1906,356.7,7.662
1927,356.7,7.662
1948,357.0,7.662
1969,357.1,7.662
1990,357.6,7.662
2011,357.6,7.662
2032,357.7,7.662
2053,357.7,7.653
2074,357.7,7.662
2095,358.1,7.680
2116,358.4,7.671
2137,358.4,7.662
2158,358.4,7.653
2179,358.5,7.671
2200,358.6,7.662
2221,358.7,7.671
2242,358.5,7.671
2263,358.7,7.671
2284,359.0,7.671
2305,359.1,7.662
2326,359.3,7.671
2347,358.9,7.662
2368,358.9,7.671
2389,359.1,7.671
2410,359.4,7.671
2431,359.3,7.662
2452,359.5,7.662
2473,359.3,7.662
2494,359.3,7.662
2515,359.5,7.671
2536,359.4,7.671
2557,359.4,7.662
2578,359.2,7.662
2599,359.6,7.671
2620,359.6,7.662
2641,359.7,7.671
2662,359.4,7.671
2683,359.5,7.671
2704,359.7,7.671
2725,359.7,7.662
2746,359.7,7.671
2767,359.8,7.671
2788,359.7,7.671
2809,359.8,7.671
2830,359.5,7.671
2851,359.6,7.671
2872,359.5,7.671
2893,359.8,7.671
2914,359.7,7.671
2935,359.5,7.680
2956,359.8,7.671
2977,359.8,7.662
2998,359.8,7.662
3019,359.4,7.662
3040,359.4,7.671
3061,359.6,7.671
3082,359.8,7.671
3103,359.7,7.671
3124,359.9,7.671
3145,359.6,7.671
3166,359.8,7.662
3187,359.8,7.671
3208,359.5,7.671
3229,359.6,7.671
3250,359.6,7.662
3271,359.8,7.662
3292,359.6,7.671
3313,359.6,7.662
3334,359.8,7.671
3355,359.7,7.662
3376,360.0,7.671
3397,359.5,7.671
3418,359.5,7.671
3439,359.8,7.662
3460,359.8,7.662
3481,359.8,7.662
3502,359.7,7.671
3523,359.8,7.662
3544,359.4,7.680
3565,359.7,7.671
3586,359.2,7.671
3607,359.3,7.671
3628,359.5,7.680
3649,359.6,7.671
3670,359.5,7.662
3691,359.1,7.662
3712,359.3,7.671
3733,359.4,7.671
3754,359.3,7.671
3775,359.4,7.671
3796,359.5,7.671
3817,359.6,7.662
3838,359.6,7.662
3859,359.7,7.662
3880,359.4,7.671
3901,359.5,7.671
3922,359.5,7.671
3943,359.9,7.671
3964,359.6,7.662
3985,359.6,7.671
4006,359.7,7.671
4027,359.6,7.671
4048,359.8,7.671
4069,359.3,7.671
4090,359.3,7.662
4111,359.4,7.662
4132,359.8,7.662
4153,359.7,7.671
4174,359.6,7.671
4195,359.6,7.671
4216,359.5,7.671
