526,0.0,7.519
547,-0.6,7.582
568,7.1,7.448
589,17.9,7.439
610,30.5,7.448
631,44.4,7.394
652,60.6,7.278
673,78.8,7.224
694,98.6,7.224
715,118.8,7.269
736,138.9,7.269
757,157.4,7.296
778,174.4,7.332
799,191.2,7.367
820,206.7,7.367
841,220.3,7.385
862,233.9,7.403
883,246.0,7.421
904,257.6,7.439
925,267.8,7.448
946,277.2,7.474
967,286.2,7.492
988,294.8,7.501
1009,301.9,7.510
1030,309.5,7.519
1051,316.1,7.528
1072,321.9,7.528
1093,327.6,7.546
1114,332.9,7.555
1135,337.5,7.555
1156,342.2,7.564
1177,346.1,7.573
1198,350.0,7.582
1219,353.6,7.590
1240,357.0,7.582
1261,360.3,7.582
1282,363.0,7.590
1303,365.8,7.599
1324,368.3,7.599
1345,370.6,7.608
1366,372.7,7.599
1387,374.8,7.608
1408,376.6,7.608
1429,378.4,7.617
1450,380.2,7.626
1471,381.1,7.626
1492,382.7,7.635
1513,383.8,7.626
1534,384.7,7.626
1555,386.1,7.626
1576,387.3,7.626
1597,387.9,7.626
1618,389.0,7.635
1639,389.8,7.626
1660,390.6,7.626
1681,391.5,7.635
1702,391.9,7.644
1723,392.8,7.644
1744,392.9,7.635
1765,393.3,7.635
1786,393.7,7.644
1807,394.2,7.644
1828,394.9,7.635
1849,395.4,7.635
1870,395.8,7.644
1891,395.9,7.635
1912,395.7,7.635
1933,396.0,7.653
1954,396.6,7.644
1975,396.9,7.644
1996,397.0,7.653
2017,397.2,7.644
2038,396.9,7.653
2059,397.6,7.635
2080,397.7,7.635
2101,398.0,7.644
2122,398.0,7.644
2143,398.1,7.653
2164,398.3,7.644
2185,398.6,7.644
2206,398.7,7.635
2227,398.8,7.653
2248,399.0,7.644
2269,399.5,7.644
2290,399.5,7.653
2311,399.4,7.653
2332,399.5,7.653
2353,399.7,7.644
2374,399.5,7.653
2395,399.5,7.662
2416,399.6,7.653
2437,400.0,7.653
2458,400.1,7.662
2479,400.1,7.653
2500,400.4,7.644
2521,400.4,7.653
2542,399.8,7.671
2563,399.9,7.635
2584,399.9,7.644
2605,400.0,7.653
2626,399.8,7.662
2647,399.7,7.644
2668,400.0,7.653
2689,400.0,7.644
2710,399.8,7.653
2731,400.1,7.644
2752,400.3,7.653
2773,400.5,7.653
2794,400.5,7.653
2815,400.4,7.644
2836,400.4,7.653
2857,400.6,7.644
2878,400.3,7.644
2899,400.4,7.653
2920,400.4,7.653
2941,400.6,7.644
2962,400.5,7.653
2983,400.4,7.662
3004,400.9,7.662
3025,400.5,7.662
3046,400.5,7.653
3067,400.6,7.662
3088,400.6,7.662
3109,400.5,7.653
3130,400.6,7.653
3151,400.7,7.653
3172,400.7,7.653
3193,400.5,7.644
3214,400.7,7.653
3235,400.8,7.653
3256,400.7,7.653
3277,400.8,7.644
3298,400.2,7.662
3319,400.9,7.644
3340,400.4,7.653
3361,400.3,7.662
3382,400.4,7.653
3403,400.5,7.653
3424,400.3,7.644
3445,400.3,7.653
3466,400.5,7.644
3487,400.3,7.662
3508,400.4,7.662
3529,400.3,7.635
3550,400.6,7.653
3571,400.5,7.662
3592,400.4,7.671
3613,401.0,7.644
3634,400.8,7.653
3655,400.9,7.662
3676,400.9,7.653
3697,400.8,7.653
3718,400.6,7.662
3739,400.8,7.671
3760,400.2,7.653
3781,400.2,7.644
3802,400.0,7.653
3823,400.0,7.653
3844,400.0,7.662
3865,400.1,7.653
3886,400.0,7.662
3907,400.0,7.644
3928,400.3,7.653
3949,400.3,7.644
3970,400.1,7.644
3991,400.3,7.653
4012,400.4,7.662
4033,400.2,7.662
4054,400.0,7.653
4075,400.1,7.653
4096,400.5,7.662
4117,400.3,7.644
4138,400.3,7.644
4159,400.6,7.653
4180,400.7,7.662
4201,400.8,7.644
4222,400.5,7.662
4243,400.6,7.653
4264,400.9,7.653
4285,400.3,7.653
4306,400.5,7.653
4327,400.5,7.662
4348,400.5,7.653
4369,400.2,7.662
4390,400.6,7.653
4411,400.6,7.653
4432,400.7,7.653
4453,400.1,6.599
4474,398.2,6.564
