766,0.0,7.635
787,-5.2,7.707
808,-2.1,7.707
829,3.4,7.707
850,8.9,7.707
871,13.6,7.707
892,17.9,7.716
913,22.0,7.707
934,25.6,7.716
955,28.9,7.716
976,31.9,7.724
997,34.6,7.716
1018,37.1,7.716
1039,39.5,7.716
1060,41.7,7.716
1081,43.6,7.716
1102,45.5,7.733
1123,47.2,7.724
1144,48.4,7.733
1165,49.7,7.733
1186,51.3,7.716
1207,52.3,7.724
1228,53.2,7.733
1249,54.4,7.724
1270,55.0,7.724
1291,55.9,7.733
1312,56.6,7.733
1333,57.5,7.724
1354,58.0,7.724
1375,58.6,7.733
1396,59.0,7.724
1417,59.6,7.724
1438,60.0,7.724
1459,60.6,7.724
1480,60.7,7.733
1501,61.4,7.733
1522,61.6,7.733
1543,61.9,7.733
1564,62.3,7.733
1585,62.2,7.724
1606,62.7,7.724
1627,62.8,7.733
1648,62.9,7.733
1669,63.3,7.733
1690,63.2,7.733
1711,63.5,7.733
1732,63.7,7.733
1753,63.7,7.733
1774,63.9,7.733
1795,63.9,7.733
1816,64.1,7.724
1837,64.3,7.724
1858,64.2,7.733
1879,64.2,7.733
1900,64.6,7.733
1921,64.5,7.733
1942,64.6,7.724
1963,64.7,7.733
1984,64.5,7.724
2005,64.6,7.724
2026,64.8,7.733
2047,64.7,7.733
2068,64.8,7.742
2089,65.0,7.733
2110,64.7,7.733
2131,64.8,7.733
2152,65.1,7.733
2173,64.7,7.733
2194,65.1,7.724
2215,65.1,7.733
2236,64.8,7.733
2257,65.1,7.724
2278,65.2,7.733
2299,64.9,7.733
2320,65.1,7.733
2341,65.2,7.724
2362,65.0,7.724
2383,65.2,7.733
2404,65.2,7.724
2425,64.8,7.733
2446,65.2,7.733
2467,65.2,7.742
2488,65.0,7.733
2509,65.1,7.733
2530,65.3,7.733
2551,65.0,7.742
2572,65.1,7.733
2593,65.3,7.733
2614,65.0,7.733
2635,65.2,7.733
2656,65.3,7.724
2677,65.0,7.733
2698,65.1,7.724
2719,65.2,7.733
2740,65.0,7.724
2761,65.0,7.733
2782,65.3,7.733
2803,65.0,7.733
2824,65.1,7.733
2845,65.2,7.733
2866,65.1,7.733
2887,65.2,7.733
2908,65.3,7.733
2929,65.2,7.733
2950,65.1,7.733
2971,65.3,7.733
2992,65.1,7.733
3013,65.1,7.733
3034,65.2,7.733
3055,65.1,7.733
3076,65.2,7.733
3097,65.3,7.733
3118,65.2,7.742
3139,65.1,7.733
3160,65.4,7.733
3181,65.1,7.733
3202,65.1,7.742
3223,65.2,7.733
3244,65.1,7.733
3265,65.2,7.733
3286,65.3,7.733
3307,65.2,7.733
3328,65.0,7.742
3349,65.4,7.733
3370,65.0,7.733
3391,65.1,7.724
3412,65.4,7.733
3433,65.1,7.733
3454,65.0,7.733
3475,65.2,7.733
3496,65.1,7.742
3517,65.0,7.733
3538,65.3,7.733
3559,65.1,7.733
3580,65.1,7.724
3601,65.4,7.733
3622,65.1,7.742
3643,65.0,7.733
3664,65.2,7.733
3685,65.2,7.733
3706,65.0,7.733
3727,65.3,7.733
3748,65.2,7.733
3769,65.1,7.733
3790,65.1,7.733
3811,65.1,7.733
3832,65.0,7.733
3853,65.3,7.733
3874,65.2,7.733
3895,65.0,7.724
3916,65.3,7.733
3937,65.2,7.733
3958,65.1,7.733
3979,65.2,7.733
4000,65.3,7.733
4021,65.0,7.733
4042,65.2,7.733
4063,65.4,7.733
4084,65.0,7.733
4105,65.1,7.733
4126,65.3,7.724
4147,65.0,7.733
4168,65.2,7.733
4189,65.3,7.733
4210,65.0,7.733
4231,65.3,7.742
4252,65.4,7.742
4273,65.1,7.733
4294,65.1,7.733
4315,65.3,7.742
4336,65.0,7.733
4357,65.2,7.733
4378,65.3,7.733
4399,65.0,7.733
4420,65.2,7.733
4441,65.4,7.724
4462,65.1,7.742
4483,65.1,7.733
4504,65.4,7.733
4525,65.1,7.733
4546,65.0,7.733
4567,65.3,7.724
4588,65.0,7.733
4609,65.2,7.733
4630,65.3,7.724
4651,65.1,7.733
4672,65.1,7.733
4693,65.2,7.742
4714,65.1,7.733
4735,65.0,7.742
4756,65.3,7.733
4777,65.2,7.733
4798,65.0,7.733
4819,65.3,7.733
4840,65.0,7.733
4861,65.1,7.733
4882,65.4,7.733
4903,65.1,7.733
4924,65.1,7.733
4945,65.2,7.733
4966,65.1,7.733
4987,65.2,7.733
5008,65.2,7.733
5029,65.1,7.733
5050,65.0,7.733
5071,65.3,7.742
5092,65.2,7.742
5113,65.1,7.742
5134,65.2,7.733
5155,65.1,7.742
5176,65.0,7.742
5197,65.3,7.733
5218,65.2,7.733
5239,65.0,7.733
5260,65.3,7.742
5281,65.1,7.742
5302,64.9,7.733
5323,65.2,7.742
5344,65.2,7.733
5365,65.0,7.733
5386,65.3,7.733
5407,65.2,7.733
5428,65.1,7.742
5449,65.2,7.733
5470,65.3,7.733
5491,64.9,7.733
5512,65.2,7.742
5533,65.4,7.733
