526,-0.2,7.653
547,-0.5,7.662
568,6.8,7.671
589,15.2,7.671
610,23.5,7.671
631,30.9,7.680
652,38.1,7.689
673,44.7,7.689
694,50.2,7.689
715,55.8,7.698
736,60.8,7.698
757,65.4,7.707
778,69.6,7.707
799,73.2,7.698
820,76.7,7.707
841,80.2,7.707
862,83.2,7.707
883,85.6,7.707
904,88.0,7.716
925,90.4,7.707
946,92.6,7.707
967,94.3,7.707
988,96.3,7.716
1009,97.5,7.716
1030,99.5,7.716
1051,100.6,7.716
1072,102.0,7.716
1093,103.4,7.716
1114,104.3,7.716
1135,105.1,7.724
1156,106.2,7.716
1177,107.2,7.724
1198,107.8,7.724
1219,108.5,7.716
1240,109.2,7.724
1261,110.0,7.724
1282,110.5,7.724
1303,110.9,7.724
1324,111.3,7.716
1345,111.7,7.724
1366,112.1,7.724
1387,112.6,7.716
1408,113.0,7.724
1429,113.3,7.724
1450,113.6,7.724
1471,113.9,7.716
1492,113.9,7.724
1513,114.3,7.724
1534,114.4,7.724
1555,114.5,7.724
1576,114.8,7.724
1597,114.9,7.724
1618,115.0,7.733
1639,115.2,7.724
1660,115.4,7.724
1681,115.6,7.724
1702,115.5,7.716
1723,115.6,7.733
1744,115.7,7.724
1765,115.8,7.724
1786,116.0,7.724
1807,116.0,7.733
1828,116.1,7.724
1849,116.2,7.724
1870,116.3,7.724
1891,116.3,7.724
1912,116.4,7.724
1933,116.5,7.724
1954,116.6,7.724
1975,116.7,7.724
1996,116.6,7.733
2017,116.7,7.724
2038,116.7,7.724
2059,116.6,7.733
2080,116.7,7.724
2101,116.8,7.733
2122,116.8,7.724
2143,116.9,7.724
2164,116.7,7.724
2185,116.8,7.733
2206,116.8,7.724
2227,116.8,7.724
2248,116.9,7.733
2269,116.8,7.724
2290,116.8,7.724
2311,117.0,7.724
2332,116.9,7.724
2353,116.8,7.733
2374,116.9,7.724
2395,116.8,7.724
2416,116.7,7.724
2437,116.9,7.724
2458,117.0,7.724
2479,116.9,7.724
2500,116.9,7.724
2521,116.8,7.733
2542,117.1,7.716
2563,116.9,7.733
2584,116.9,7.733
2605,117.1,7.724
2626,116.9,7.724
2647,116.9,7.724
2668,117.0,7.724
2689,117.0,7.724
2710,116.8,7.724
2731,116.8,7.724
2752,116.8,7.724
2773,116.8,7.733
2794,116.8,7.724
2815,116.8,7.724
2836,116.8,7.733
2857,116.9,7.724
2878,116.9,7.733
2899,116.9,7.733
2920,116.9,7.724
2941,116.9,7.724
2962,116.7,7.724
2983,117.0,7.733
3004,116.7,7.724
3025,116.7,7.724
3046,116.8,7.724
3067,116.8,7.733
3088,116.8,7.733
3109,116.8,7.733
3130,116.8,7.733
3151,116.9,7.724
3172,116.9,7.733
3193,116.9,7.724
3214,116.9,7.724
3235,116.7,7.724
3256,116.7,7.724
3277,116.7,7.724
3298,116.7,7.724
3319,116.7,7.724
3340,116.8,7.724
3361,116.8,7.733
3382,116.7,7.733
3403,116.8,7.724
3424,116.8,7.733
3445,116.8,7.733
3466,116.9,7.724
3487,116.9,7.724
3508,116.6,7.733
3529,116.7,7.724
3550,116.7,7.733
3571,116.7,7.733
3592,116.8,7.724
3613,116.7,7.724
3634,116.7,7.724
