300
{11716, 7183, 6660, 6238, 4692, 4980, 4952, 3992, 3624, 4037, 3484, 3504, 3444, 2848, 3320, 3297, 2484, 2633, 3232, 2782, 2556, 3015, 2511, 2766, 2889, 2344, 2649, 2829, 2408, 2243, 2558, 2290, 2369, 2395, 2014, 2378, 2403, 1842, 1983, 2464, 2133, 1984, 2365, 1993, 2206, 2319, 1899, 2164, 2345, 1996, 1868, 2153, 1934, 2011, 2032, 1723, 2045, 2063, 1589, 1726, 2135, 1865, 1748, 2075, 1755, 1951, 2058, 1685, 1932, 2086, 1784, 1674, 1930, 1739, 1812, 1842, 1561, 1850, 1886, 1456, 1571, 1961, 1708, 1598, 1915, 1618, 1809, 1907, 1554, 1782, 1942, 1658, 1541, 1796, 1621, 1690, 1723, 1457, 1724, 1764}
{1361, 1471, 1838, 1604, 1507, 1795, 1522, 1704, 1799, 1470, 1688, 1839, 1569, 1464, 1707, 1537, 1607, 1638, 1387, 1643, 1677, 1295, 1409, 1756, 1532, 1435, 1714, 1456, 1629, 1721, 1403, 1613, 1762, 1506, 1404, 1627, 1477, 1540, 1569, 1331, 1580, 1611, 1249, 1353, 1691, 1475, 1386, 1661, 1408, 1567, 1662, 1359, 1561, 1702, 1459, 1369, 1586, 1430, 1497, 1526, 1293, 1533, 1555, 1210, 1315, 1644, 1433, 1351, 1613, 1370, 1525, 1617, 1324, 1528, 1655, 1422, 1324, 1545, 1395, 1460, 1486, 1262, 1496, 1522, 1184, 1286, 1608, 1401, 1318, 1585, 1339, 1490, 1581, 1293, 1492, 1627, 1392, 1296, 1513, 1367}
{1427, 1459, 1239, 1471, 1496, 1160, 1263, 1579, 1376, 1302, 1555, 1316, 1465, 1554, 1274, 1471, 1604, 1368, 1276, 1490, 1344, 1408, 1437, 1219, 1445, 1475, 1145, 1239, 1553, 1359, 1276, 1529, 1299, 1446, 1533, 1256, 1449, 1577, 1351, 1259, 1469, 1325, 1389, 1419, 1203, 1434, 1458, 1127, 1225, 1535, 1342, 1261, 1506, 1285, 1435, 1515, 1242, 1428, 1559, 1337, 1242, 1451, 1308, 1377, 1402, 1186, 1411, 1440, 1114, 1211, 1517, 1324, 1245, 1492, 1271, 1413, 1500, 1227, 1420, 1537, 1323, 1235, 1432, 1297, 1359, 1389, 1176, 1401, 1426, 1103, 1201, 1504, 1312, 1233, 1481, 1258, 1405, 1479, 1216, 1403}
{1530, 1308, 1219, 1424, 1286, 1349, 1377, 1165, 1384, 1415, 1096, 1193, 1490, 1304, 1222, 1466, 1246, 1392, 1473, 1206, 1393, 1515, 1297, 1212, 1405, 1277, 1336, 1360, 1157, 1375, 1398, 1087, 1188, 1478, 1290, 1220, 1460, 1238, 1380, 1465, 1199, 1381, 1505, 1293, 1205, 1403, 1267, 1331, 1359, 1152, 1372, 1397, 1082, 1176, 1465, 1284, 1209, 1452, 1233, 1375, 1451, 1193, 1378, 1500, 1287, 1201, 1400, 1263, 1324, 1351, 1145, 1360, 1384, 1075, 1169, 1462, 1280, 1204, 1438, 1226, 1371, 1448, 1188, 1373, 1494, 1281, 1194, 1384, 1257, 1315, 1344, 1141, 1362, 1384, 1070, 1167, 1458, 1272, 1197, 1435}
{1223, 1359, 1437, 1180, 1361, 1486, 1276, 1186, 1385, 1252, 1317, 1335, 1137, 1348, 1378, 1067, 1161, 1453, 1270, 1193, 1432, 1217, 1354, 1437, 1178, 1356, 1483, 1270, 1183, 1379, 1247, 1311, 1337, 1132, 1346, 1370, 1061, 1158, 1444, 1265, 1191, 1420, 1213, 1354, 1433, 1174, 1352, 1477, 1266, 1179, 1377, 1244, 1302, 1333, 1127, 1343, 1361, 1062, 1160, 1445, 1260, 1191, 1425, 1209, 1350, 1423, 1171, 1350, 1475, 1264, 1181, 1374, 1240, 1305, 1327, 1127, 1339, 1366, 1058, 1151, 1441, 1258, 1187, 1417, 1204, 1342, 1424, 1164, 1346, 1463, 1259, 1172, 1370, 1236, 1293, 1325, 1123, 1334, 1361, 1053}
{1149, 1430, 1254, 1178, 1417, 1204, 1347, 1424, 1165, 1342, 1467, 1257, 1174, 1367, 1233, 1297, 1321, 1118, 1331, 1357, 1050, 1151, 1430, 1250, 1174, 1408, 1198, 1336, 1417, 1159, 1338, 1455, 1250, 1164, 1361, 1230, 1294, 1314, 1117, 1326, 1354, 1048, 1140, 1426, 1246, 1170, 1408, 1195, 1339, 1414, 1158, 1333, 1457, 1248, 1170, 1358, 1223, 1285, 1313, 1114, 1323, 1349, 1045, 1143, 1418, 1242, 1167, 1400, 1190, 1335, 1407, 1156, 1330, 1448, 1245, 1163, 1355, 1222, 1284, 1312, 1111, 1326, 1340, 1044, 1142, 1419, 1237, 1169, 1401, 1189, 1329, 1409, 1150, 1327, 1451, 1244, 1161, 1347, 1222, 1281}
{1307, 1109, 1317, 1339, 1042, 1135, 1416, 1236, 1171, 1400, 1189, 1327, 1406, 1151, 1326, 1450, 1242, 1156, 1342, 1218, 1284, 1306, 1107, 1321, 1342, 1040, 1133, 1417, 1235, 1161, 1390, 1188, 1324, 1402, 1149, 1322, 1440, 1238, 1153, 1347, 1218, 1278, 1305, 1104, 1315, 1340, 1040, 1130, 1415, 1235, 1163, 1396, 1183, 1323, 1400, 1148, 1323, 1445, 1236, 1161, 1342, 1217, 1274, 1302, 1105, 1318, 1338, 1037, 1136, 1415, 1233, 1162, 1387, 1184, 1322, 1400, 1144, 1318, 1444, 1236, 1153, 1336, 1215, 1274, 1301, 1104, 1317, 1340, 1035, 1127, 1408, 1228, 1161, 1393, 1183, 1322, 1399, 1141, 1324, 1438}
{1233, 1151, 1337, 1213, 1273, 1293, 1100, 1311, 1338, 1037, 1129, 1411, 1232, 1159, 1386, 1182, 1318, 1396, 1140, 1323, 1437, 1235, 1150, 1342, 1212, 1273, 1298, 1100, 1309, 1336, 1036, 1132, 1407, 1228, 1159, 1391, 1180, 1315, 1395, 1141, 1325, 1435, 1235, 1150, 1343, 1212, 1274, 1300, 1101, 1309, 1337, 1036, 1132, 1407, 1230, 1163, 1390, 1180, 1315, 1392, 1142, 1319, 1433, 1235, 1150, 1343, 1212, 1270, 1296, 1100, 1307, 1336, 1035, 1123, 1408, 1228, 1157, 1381, 1180, 1312, 1394, 1141, 1315, 1435, 1232, 1148, 1341, 1210, 1274, 1294, 1098, 1304, 1333, 1031, 1129, 1407, 1228, 1154, 1387, 1178}
{1321, 1389, 1140, 1314, 1436, 1227, 1153, 1339, 1209, 1272, 1292, 1097, 1302, 1332, 1031, 1121, 1397, 1224, 1152, 1385, 1179, 1310, 1384, 1138, 1315, 1434, 1230, 1146, 1337, 1206, 1266, 1293, 1096, 1310, 1332, 1030, 1129, 1405, 1224, 1153, 1378, 1176, 1320, 1393, 1138, 1318, 1432, 1231, 1146, 1330, 1209, 1265, 1290, 1099, 1309, 1332, 1030, 1128, 1405, 1224, 1154, 1379, 1177, 1313, 1386, 1139, 1314, 1436, 1230, 1147, 1339, 1208, 1268, 1296, 1096, 1302, 1331, 1031, 1121, 1404, 1227, 1157, 1386, 1176, 1313, 1391, 1138, 1312, 1433, 1227, 1151, 1337, 1209, 1269, 1296, 1095, 1303, 1322, 1031, 1123}
{1403, 1224, 1155, 1380, 1176, 1318, 1391, 1138, 1318, 1432, 1229, 1145, 1334, 1208, 1270, 1295, 1095, 1303, 1328, 1030, 1128, 1404, 1225, 1155, 1384, 1176, 1312, 1390, 1136, 1311, 1435, 1230, 1145, 1334, 1206, 1266, 1292, 1096, 1302, 1322, 1031, 1128, 1404, 1223, 1153, 1384, 1174, 1309, 1392, 1136, 1311, 1434, 1230, 1145, 1335, 1206, 1265, 1290, 1096, 1301, 1326, 1031, 1123, 1405, 1222, 1155, 1386, 1174, 1308, 1384, 1137, 1313, 1432, 1228, 1145, 1331, 1206, 1264, 1290, 1096, 1300, 1323, 1031, 1124, 1402, 1226, 1153, 1385, 1176, 1318, 1390, 1138, 1310, 1433, 1228, 1145, 1330, 1207, 1265, 1293}
{1096, 1300, 1328, 1030, 1129, 1402, 1225, 1151, 1384, 1174, 1314, 1390, 1136, 1311, 1432, 1229, 1146, 1333, 1207, 1267, 1294, 1097, 1308, 1330}