350
{9643, 6748, 4225, 3933, 4425, 3597, 3122, 3523, 2843, 3014, 3077, 2426, 2719, 2839, 2375, 2183, 2458, 2160, 2222, 2218, 1848, 2152, 2147, 1642, 1758, 2171, 1866, 1728, 2051, 1711, 1906, 1983, 1605, 1834, 1970, 1667, 1548, 1794, 1602, 1660, 1672, 1414, 1672, 1687, 1294, 1400, 1732, 1503, 1406, 1675, 1408, 1576, 1642, 1341, 1547, 1668, 1418, 1315, 1524, 1369, 1434, 1448, 1224, 1458, 1469, 1132, 1224, 1530, 1325, 1244, 1489, 1257, 1404, 1468, 1201, 1379, 1498, 1279, 1193, 1382, 1241, 1299, 1313, 1109, 1319, 1332, 1035, 1128, 1399, 1216, 1143, 1366, 1157, 1286, 1361, 1106, 1277, 1382, 1187, 1103}
{1283, 1153, 1209, 1225, 1039, 1235, 1247, 970, 1053, 1306, 1141, 1077, 1285, 1091, 1215, 1282, 1045, 1205, 1309, 1122, 1045, 1210, 1094, 1146, 1161, 988, 1174, 1195, 923, 1004, 1246, 1086, 1025, 1227, 1040, 1158, 1217, 999, 1159, 1251, 1071, 998, 1164, 1047, 1103, 1121, 945, 1127, 1147, 885, 970, 1204, 1046, 987, 1183, 999, 1118, 1176, 964, 1111, 1210, 1035, 965, 1119, 1014, 1067, 1079, 916, 1094, 1104, 855, 939, 1167, 1011, 957, 1146, 971, 1085, 1144, 934, 1082, 1172, 1006, 937, 1095, 986, 1034, 1053, 890, 1061, 1083, 834, 913, 1138, 986, 931, 1117, 943, 1056, 1112}
{912, 1056, 1151, 979, 918, 1070, 961, 1015, 1031, 870, 1040, 1057, 814, 893, 1110, 964, 911, 1095, 924, 1041, 1096, 892, 1032, 1125, 959, 903, 1043, 942, 990, 1005, 853, 1015, 1036, 800, 874, 1093, 947, 896, 1071, 908, 1015, 1068, 876, 1015, 1106, 942, 884, 1028, 927, 971, 989, 839, 997, 1017, 787, 860, 1069, 931, 880, 1058, 894, 1001, 1058, 863, 1003, 1088, 929, 869, 1013, 912, 958, 979, 826, 990, 1003, 774, 849, 1053, 915, 870, 1044, 880, 991, 1046, 852, 982, 1073, 917, 861, 1000, 897, 945, 963, 815, 972, 987, 764, 843, 1040, 906}
{859, 1024, 867, 973, 1033, 841, 974, 1058, 905, 851, 982, 890, 933, 954, 805, 959, 982, 756, 833, 1036, 894, 848, 1017, 859, 966, 1021, 831, 963, 1051, 897, 838, 972, 879, 930, 945, 798, 950, 971, 749, 824, 1020, 888, 842, 1004, 850, 958, 1012, 823, 954, 1039, 889, 834, 969, 872, 916, 932, 792, 945, 963, 741, 819, 1012, 879, 837, 997, 843, 948, 1003, 816, 944, 1030, 882, 828, 961, 863, 909, 925, 783, 934, 947, 737, 806, 1008, 874, 831, 989, 837, 940, 993, 808, 936, 1022, 876, 816, 948, 860, 904, 921, 778, 933}
{945, 733, 809, 1000, 867, 825, 979, 832, 935, 991, 805, 937, 1019, 870, 811, 947, 854, 898, 916, 774, 920, 942, 727, 797, 994, 862, 816, 981, 827, 927, 982, 800, 927, 1011, 864, 814, 939, 849, 894, 910, 770, 917, 934, 723, 791, 989, 858, 812, 976, 821, 924, 978, 798, 922, 1008, 860, 803, 938, 845, 894, 907, 765, 912, 933, 721, 790, 984, 853, 814, 968, 819, 922, 976, 794, 918, 1004, 854, 800, 932, 840, 883, 902, 763, 908, 926, 717, 784, 980, 850, 804, 967, 815, 915, 970, 788, 912, 1000, 853, 796, 928}
{836, 880, 899, 760, 909, 923, 713, 783, 972, 847, 800, 963, 812, 916, 967, 788, 910, 996, 847, 794, 927, 835, 878, 896, 757, 907, 922, 712, 779, 973, 843, 799, 958, 809, 909, 963, 785, 907, 991, 845, 792, 924, 832, 878, 893, 755, 900, 919, 709, 781, 971, 842, 797, 955, 806, 909, 961, 781, 906, 990, 845, 788, 921, 827, 875, 891, 752, 897, 916, 707, 776, 968, 839, 796, 955, 806, 903, 953, 779, 902, 986, 840, 787, 919, 827, 870, 887, 750, 896, 915, 706, 779, 965, 836, 797, 952, 803, 902, 957, 776}
{903, 984, 839, 787, 917, 825, 871, 886, 748, 892, 912, 703, 773, 958, 836, 792, 951, 803, 902, 956, 776, 899, 983, 837, 786, 914, 822, 866, 882, 747, 895, 907, 703, 771, 958, 834, 790, 948, 801, 900, 953, 774, 896, 982, 837, 781, 914, 821, 866, 883, 746, 891, 910, 702, 774, 954, 831, 791, 942, 800, 898, 949, 773, 894, 978, 834, 783, 912, 819, 865, 881, 745, 892, 907, 700, 768, 953, 828, 785, 945, 795, 896, 945, 772, 893, 975, 833, 781, 908, 818, 861, 880, 742, 885, 906, 698, 766, 955, 830, 787}
{943, 795, 894, 948, 769, 894, 974, 832, 778, 910, 818, 863, 878, 741, 883, 904, 698, 765, 951, 828, 785, 943, 795, 893, 942, 768, 892, 971, 831, 776, 905, 816, 862, 878, 741, 886, 902, 697, 765, 949, 826, 783, 936, 794, 892, 939, 767, 890, 975, 828, 776, 905, 815, 859, 877, 739, 885, 902, 697, 762, 953, 825, 782, 939, 793, 892, 938, 766, 888, 972, 830, 775, 906, 814, 858, 875, 740, 881, 896, 696, 762, 951, 825, 781, 939, 793, 890, 938, 765, 887, 968, 828, 777, 900, 814, 856, 875, 740, 880, 896}
{694, 761, 950, 824, 782, 935, 790, 894, 941, 764, 885, 969, 826, 775, 904, 811, 861, 871, 738, 879, 897, 694, 767, 950, 822, 781, 937, 791, 889, 941, 763, 885, 970, 827, 775, 900, 813, 856, 872, 737, 878, 894, 694, 764, 949, 823, 780, 931, 791, 887, 941, 763, 885, 971, 825, 775, 903, 811, 853, 872, 736, 876, 898, 692, 759, 943, 820, 779, 933, 790, 886, 939, 764, 886, 965, 824, 772, 900, 810, 854, 871, 735, 877, 897, 692, 760, 948, 821, 778, 936, 788, 888, 939, 763, 885, 967, 824, 771, 897, 810}
{854, 870, 734, 877, 897, 692, 764, 946, 821, 779, 936, 788, 885, 938, 764, 883, 967, 823, 776, 900, 810, 857, 871, 735, 876, 896, 692, 761, 947, 819, 778, 931, 789, 890, 938, 762, 885, 965, 823, 770, 901, 810, 855, 871, 735, 875, 896, 692, 759, 942, 821, 778, 935, 786, 884, 937, 763, 882, 967, 823, 771, 900, 809, 852, 869, 735, 875, 896, 691, 761, 945, 819, 778, 934, 786, 885, 937, 764, 882, 968, 824, 772, 900, 810, 854, 870, 734, 876, 892, 691, 756, 947, 820, 776, 929, 787, 885, 937, 762, 881}
{966, 822, 770, 899, 809, 851, 865, 735, 875, 895, 691, 757, 945, 820, 778, 929, 787, 886, 936, 762, 880, 966, 822, 770}