400
{8036, 5352, 4533, 3086, 3416, 3553, 2551, 2742, 2987, 2356, 2349, 2268, 2000, 2229, 2288, 1647, 1850, 2180, 1527, 1715, 1735, 1597, 1646, 1701, 1344, 1652, 1835, 1379, 1574, 1769, 1453, 1490, 1482, 1336, 1518, 1594, 1170, 1329, 1585, 1125, 1288, 1303, 1220, 1273, 1326, 1058, 1302, 1459, 1108, 1264, 1451, 1188, 1228, 1228, 1111, 1267, 1342, 988, 1120, 1356, 963, 1098, 1128, 1054, 1102, 1160, 918, 1139, 1284, 977, 1112, 1277, 1049, 1089, 1093, 991, 1138, 1192, 887, 1012, 1214, 867, 1001, 1021, 956, 999, 1051, 838, 1037, 1169, 891, 1021, 1178, 968, 1004, 1004, 913, 1048, 1109, 821}
{937, 1126, 805, 921, 945, 890, 930, 980, 784, 974, 1095, 834, 960, 1105, 906, 940, 944, 857, 983, 1045, 772, 883, 1066, 760, 873, 899, 839, 883, 930, 739, 919, 1036, 791, 909, 1048, 861, 891, 896, 815, 945, 999, 737, 841, 1015, 725, 833, 859, 804, 846, 890, 709, 883, 993, 759, 870, 1005, 825, 855, 856, 783, 903, 961, 709, 810, 976, 697, 801, 825, 775, 813, 859, 683, 848, 961, 734, 842, 964, 800, 827, 834, 759, 870, 922, 685, 784, 950, 677, 778, 800, 749, 790, 831, 665, 825, 934, 710, 821, 939, 775, 810}
{808, 736, 848, 904, 668, 767, 926, 660, 760, 781, 733, 771, 811, 648, 804, 913, 692, 796, 922, 758, 785, 790, 720, 828, 875, 653, 745, 904, 645, 739, 764, 716, 751, 794, 633, 788, 888, 679, 783, 903, 741, 769, 777, 706, 810, 865, 639, 731, 886, 631, 728, 748, 702, 738, 778, 619, 772, 875, 666, 767, 884, 729, 759, 759, 693, 795, 849, 626, 718, 871, 621, 714, 731, 690, 726, 765, 612, 760, 862, 655, 760, 872, 717, 742, 750, 679, 784, 835, 619, 707, 858, 612, 703, 724, 680, 715, 751, 601, 747, 848}
{646, 744, 857, 704, 732, 737, 671, 773, 820, 609, 696, 844, 603, 691, 711, 670, 704, 743, 593, 737, 835, 637, 731, 846, 694, 725, 730, 664, 761, 813, 602, 691, 834, 594, 682, 704, 662, 702, 735, 587, 728, 822, 630, 724, 835, 688, 714, 722, 655, 752, 803, 595, 679, 823, 588, 676, 699, 655, 687, 724, 579, 722, 818, 623, 722, 828, 680, 706, 713, 649, 745, 796, 589, 679, 816, 583, 672, 687, 647, 681, 716, 573, 714, 810, 617, 711, 817, 675, 701, 708, 642, 741, 788, 585, 669, 810, 577, 662, 683, 642}
{679, 713, 569, 708, 800, 610, 703, 810, 669, 699, 697, 637, 734, 782, 578, 664, 804, 573, 660, 680, 637, 670, 707, 564, 705, 799, 607, 699, 807, 662, 691, 696, 632, 728, 772, 572, 658, 798, 567, 654, 669, 632, 665, 702, 563, 700, 788, 603, 698, 797, 658, 683, 691, 628, 724, 769, 570, 653, 793, 564, 653, 667, 628, 660, 693, 558, 692, 788, 598, 692, 794, 654, 681, 686, 624, 717, 760, 567, 649, 789, 561, 646, 669, 623, 658, 689, 554, 688, 783, 595, 684, 787, 651, 676, 683, 621, 715, 760, 564, 646}
{781, 559, 643, 666, 621, 653, 690, 551, 688, 781, 592, 680, 783, 646, 673, 680, 618, 714, 756, 562, 641, 775, 556, 641, 661, 618, 650, 683, 549, 687, 778, 590, 680, 779, 644, 672, 677, 615, 712, 755, 559, 636, 774, 554, 635, 660, 617, 648, 679, 545, 681, 774, 587, 677, 782, 640, 669, 669, 611, 706, 749, 557, 638, 770, 552, 637, 657, 613, 648, 678, 543, 675, 770, 583, 672, 779, 640, 663, 670, 610, 702, 750, 555, 635, 765, 551, 633, 653, 612, 646, 677, 543, 672, 767, 583, 677, 777, 637, 664, 668}
{608, 703, 748, 552, 629, 766, 548, 629, 651, 608, 646, 676, 542, 671, 758, 580, 671, 774, 633, 659, 666, 606, 698, 746, 551, 631, 764, 546, 626, 648, 608, 643, 673, 538, 671, 756, 579, 667, 771, 633, 659, 662, 604, 694, 744, 548, 626, 763, 544, 628, 647, 606, 641, 673, 538, 669, 757, 578, 670, 768, 630, 654, 660, 603, 694, 735, 547, 624, 760, 542, 622, 645, 603, 634, 666, 537, 668, 756, 576, 666, 768, 630, 656, 661, 601, 695, 739, 546, 623, 757, 541, 621, 644, 602, 635, 669, 535, 666, 751, 574}
{662, 766, 628, 651, 659, 597, 694, 736, 544, 627, 755, 540, 619, 641, 601, 632, 667, 534, 661, 753, 574, 660, 764, 626, 651, 654, 596, 689, 731, 543, 621, 755, 539, 618, 638, 598, 630, 666, 533, 661, 750, 571, 659, 763, 624, 652, 657, 596, 689, 729, 541, 625, 750, 536, 617, 637, 599, 629, 660, 530, 659, 747, 571, 658, 758, 625, 649, 656, 595, 684, 732, 539, 620, 749, 536, 618, 638, 596, 628, 659, 531, 659, 749, 569, 656, 758, 623, 649, 653, 594, 686, 732, 539, 618, 748, 536, 618, 634, 597, 631}
{662, 528, 657, 747, 567, 657, 757, 620, 646, 654, 592, 684, 731, 538, 620, 750, 534, 615, 632, 596, 629, 659, 529, 658, 743, 568, 654, 756, 621, 646, 651, 592, 680, 725, 538, 621, 748, 533, 616, 636, 594, 628, 661, 530, 656, 745, 566, 655, 755, 619, 643, 649, 592, 680, 729, 537, 614, 747, 533, 616, 634, 592, 627, 658, 527, 655, 740, 565, 655, 752, 619, 645, 651, 590, 678, 727, 536, 614, 746, 533, 611, 629, 593, 630, 656, 525, 657, 743, 566, 651, 754, 618, 645, 650, 590, 678, 726, 537, 613, 744}
{531, 609, 627, 592, 626, 659, 527, 653, 737, 564, 651, 753, 615, 642, 650, 589, 682, 725, 536, 614, 744, 530, 610, 632, 592, 622, 654, 524, 652, 740, 563, 650, 752, 617, 641, 644, 587, 676, 722, 534, 614, 740, 530, 609, 632, 591, 624, 657, 526, 652, 741, 563, 654, 751, 615, 640, 645, 588, 677, 722, 535, 610, 742, 530, 608, 631, 591, 627, 656, 524, 651, 737, 562, 649, 750, 615, 640, 644, 587, 680, 723, 533, 611, 739, 528, 611, 626, 588, 621, 656, 524, 651, 734, 563, 649, 750, 615, 638, 647, 587}
{674, 718, 534, 609, 740, 527, 610, 626, 589, 622, 656, 523, 650, 739, 562, 648, 745, 615, 639, 646, 586, 674, 718, 533}
