500
{5416, 3863, 3866, 2946, 2510, 2722, 2133, 2262, 2246, 1751, 1962, 2038, 1678, 1526, 1719, 1506, 1544, 1522, 1265, 1496, 1476, 1112, 1207, 1473, 1259, 1181, 1378, 1150, 1282, 1324, 1064, 1219, 1311, 1109, 1030, 1168, 1049, 1099, 1107, 924, 1097, 1103, 842, 922, 1127, 977, 924, 1086, 916, 1028, 1071, 867, 998, 1076, 917, 855, 986, 881, 928, 938, 783, 933, 948, 724, 792, 975, 846, 808, 955, 799, 901, 944, 761, 889, 957, 809, 758, 878, 784, 825, 839, 703, 839, 852, 652, 719, 888, 765, 727, 864, 728, 819, 862, 695, 807, 878, 743, 695, 808, 721}
{769, 772, 648, 780, 788, 604, 670, 819, 712, 675, 802, 678, 765, 802, 647, 761, 820, 696, 655, 755, 677, 717, 721, 606, 735, 741, 568, 625, 778, 671, 636, 763, 641, 724, 758, 613, 715, 779, 660, 627, 719, 642, 683, 691, 581, 694, 703, 541, 599, 741, 638, 612, 721, 612, 690, 729, 584, 682, 745, 631, 594, 684, 615, 657, 661, 553, 667, 673, 520, 580, 711, 615, 586, 703, 588, 664, 700, 565, 659, 719, 607, 570, 665, 594, 633, 641, 535, 644, 656, 501, 560, 687, 593, 569, 679, 568, 644, 677, 547, 642}
{693, 589, 557, 646, 577, 610, 622, 520, 625, 636, 485, 538, 666, 577, 554, 654, 554, 623, 655, 532, 620, 678, 574, 541, 627, 559, 595, 606, 506, 608, 620, 473, 530, 654, 562, 538, 644, 539, 608, 644, 519, 608, 663, 558, 528, 611, 545, 585, 591, 496, 598, 603, 464, 515, 636, 551, 525, 630, 526, 597, 632, 508, 594, 651, 547, 518, 601, 535, 568, 580, 484, 584, 596, 453, 504, 629, 539, 514, 615, 515, 585, 620, 498, 582, 638, 535, 506, 591, 526, 562, 568, 475, 577, 581, 446, 495, 613, 528, 507, 605}
{508, 581, 606, 490, 572, 626, 526, 503, 582, 519, 552, 561, 469, 564, 574, 441, 495, 606, 521, 501, 595, 501, 573, 598, 484, 566, 613, 520, 492, 570, 511, 546, 553, 464, 556, 564, 436, 486, 598, 515, 494, 587, 495, 559, 590, 477, 562, 605, 515, 487, 563, 506, 536, 541, 457, 549, 553, 432, 477, 591, 508, 487, 580, 490, 552, 583, 473, 549, 599, 509, 480, 555, 500, 532, 539, 451, 543, 548, 425, 472, 580, 503, 482, 568, 483, 547, 575, 468, 547, 591, 503, 476, 550, 494, 525, 533, 447, 540, 541, 421}
{466, 577, 497, 479, 567, 477, 541, 569, 462, 540, 584, 497, 470, 542, 488, 519, 527, 441, 534, 537, 417, 461, 568, 494, 471, 562, 473, 535, 561, 458, 533, 582, 491, 464, 540, 484, 512, 523, 437, 526, 533, 414, 459, 565, 489, 466, 556, 469, 536, 559, 453, 531, 576, 488, 461, 530, 479, 509, 518, 433, 522, 531, 410, 453, 561, 484, 463, 552, 465, 530, 551, 449, 523, 573, 482, 461, 526, 476, 505, 512, 431, 521, 526, 406, 449, 554, 480, 459, 545, 462, 524, 550, 445, 520, 569, 480, 458, 527, 473, 499}
{508, 428, 514, 519, 402, 449, 554, 477, 457, 542, 457, 523, 542, 442, 515, 565, 477, 450, 523, 468, 495, 508, 425, 514, 520, 400, 441, 549, 473, 456, 540, 455, 519, 544, 438, 511, 559, 474, 451, 520, 464, 498, 504, 423, 506, 515, 397, 439, 545, 471, 453, 539, 452, 515, 535, 435, 513, 558, 471, 444, 515, 461, 489, 502, 419, 504, 514, 393, 442, 541, 467, 448, 536, 449, 513, 535, 433, 507, 553, 469, 444, 515, 460, 487, 499, 418, 503, 509, 392, 438, 539, 466, 445, 530, 447, 507, 535, 429, 503, 550}
{466, 444, 512, 457, 488, 496, 416, 498, 506, 390, 432, 535, 463, 445, 532, 443, 506, 531, 428, 500, 551, 464, 438, 510, 456, 484, 494, 413, 496, 506, 388, 431, 535, 461, 442, 527, 442, 507, 529, 427, 498, 547, 461, 435, 508, 453, 480, 492, 411, 494, 505, 386, 433, 530, 459, 440, 528, 440, 500, 527, 424, 499, 546, 460, 437, 506, 451, 478, 488, 409, 492, 502, 385, 427, 528, 456, 437, 524, 438, 503, 525, 423, 499, 543, 458, 431, 503, 449, 479, 488, 409, 490, 496, 383, 425, 524, 455, 440, 522, 436}
{501, 520, 420, 493, 541, 457, 433, 501, 448, 476, 486, 406, 488, 496, 381, 424, 527, 453, 439, 516, 436, 494, 520, 418, 495, 537, 454, 430, 497, 446, 473, 485, 405, 486, 497, 380, 421, 525, 451, 432, 519, 433, 492, 517, 418, 489, 537, 453, 430, 498, 443, 475, 483, 403, 485, 495, 378, 424, 524, 450, 432, 513, 432, 490, 516, 417, 490, 537, 452, 427, 497, 443, 471, 478, 402, 484, 491, 378, 420, 522, 449, 431, 516, 431, 494, 515, 416, 490, 533, 450, 424, 495, 442, 470, 480, 402, 482, 493, 377, 420}
{520, 446, 429, 514, 430, 490, 516, 414, 486, 533, 448, 424, 495, 440, 468, 477, 401, 480, 488, 375, 417, 519, 445, 428, 514, 428, 488, 511, 413, 485, 531, 449, 427, 492, 439, 469, 476, 400, 480, 490, 375, 419, 517, 444, 427, 512, 427, 486, 513, 412, 483, 530, 447, 421, 492, 437, 466, 473, 399, 481, 488, 373, 417, 514, 444, 426, 511, 426, 484, 509, 410, 482, 530, 447, 421, 490, 438, 465, 475, 396, 478, 488, 372, 417, 515, 442, 429, 511, 425, 483, 508, 410, 481, 525, 445, 424, 491, 436, 465, 473}
{396, 479, 483, 372, 413, 513, 442, 427, 510, 424, 483, 511, 410, 484, 527, 445, 421, 489, 436, 463, 471, 396, 476, 486, 371, 414, 513, 441, 427, 508, 425, 484, 506, 409, 481, 527, 444, 423, 488, 435, 464, 473, 396, 476, 485, 370, 412, 512, 440, 423, 508, 423, 484, 505, 408, 482, 524, 442, 418, 488, 435, 462, 473, 395, 476, 484, 370, 413, 512, 440, 424, 503, 423, 482, 507, 408, 480, 522, 442, 419, 486, 433, 462, 469, 393, 477, 484, 370, 412, 511, 437, 421, 506, 423, 479, 507, 407, 480, 522, 442}
{419, 482, 433, 460, 470, 394, 475, 483, 368, 412, 509, 438, 422, 504, 421, 481, 506, 406, 477, 520, 441, 419, 485, 432}