550
{5394, 4177, 3384, 2237, 2198, 2502, 2017, 1816, 2016, 1630, 1764, 1783, 1400, 1583, 1664, 1379, 1263, 1420, 1255, 1297, 1286, 1069, 1266, 1240, 953, 1031, 1247, 1076, 1013, 1189, 990, 1100, 1145, 924, 1058, 1140, 960, 906, 1032, 918, 961, 965, 809, 964, 965, 735, 809, 996, 853, 817, 958, 800, 902, 942, 755, 877, 944, 803, 754, 866, 774, 819, 824, 690, 822, 834, 636, 705, 865, 744, 707, 844, 706, 791, 824, 669, 784, 841, 714, 677, 772, 693, 731, 739, 622, 742, 753, 577, 640, 780, 673, 644, 768, 643, 730, 759, 611, 718, 780, 659}
{616, 715, 637, 682, 679, 575, 686, 691, 534, 591, 732, 626, 600, 715, 597, 685, 714, 574, 674, 722, 617, 580, 673, 599, 633, 642, 539, 651, 653, 501, 564, 686, 592, 570, 678, 567, 639, 673, 541, 635, 691, 584, 548, 637, 569, 606, 611, 514, 623, 625, 479, 535, 658, 566, 541, 648, 539, 619, 643, 518, 612, 664, 560, 526, 612, 545, 582, 591, 492, 591, 596, 458, 511, 634, 542, 520, 624, 519, 591, 623, 500, 585, 639, 536, 507, 590, 525, 566, 571, 475, 571, 576, 443, 500, 608, 526, 506, 602, 503, 570}
{603, 485, 565, 618, 522, 491, 567, 510, 545, 551, 461, 561, 562, 434, 479, 593, 512, 490, 582, 490, 559, 581, 474, 551, 600, 509, 484, 555, 499, 532, 536, 451, 542, 545, 423, 468, 575, 500, 480, 569, 478, 542, 566, 462, 539, 586, 496, 472, 540, 488, 515, 521, 438, 528, 535, 415, 458, 567, 487, 467, 557, 468, 531, 556, 451, 525, 574, 484, 460, 532, 476, 504, 514, 431, 518, 522, 404, 449, 556, 479, 458, 548, 458, 524, 544, 442, 516, 564, 476, 449, 522, 466, 498, 501, 423, 512, 515, 395, 439, 542}
{470, 449, 536, 450, 515, 534, 434, 506, 556, 468, 447, 512, 459, 486, 496, 416, 500, 504, 389, 432, 533, 462, 445, 525, 443, 502, 529, 424, 502, 547, 461, 434, 506, 451, 480, 485, 409, 492, 497, 384, 432, 529, 455, 436, 523, 436, 495, 522, 420, 493, 538, 455, 429, 499, 445, 473, 483, 403, 487, 490, 378, 420, 518, 449, 430, 513, 428, 492, 514, 414, 486, 532, 449, 423, 494, 439, 467, 477, 398, 481, 486, 372, 419, 516, 443, 426, 510, 425, 485, 510, 409, 480, 523, 443, 418, 487, 434, 462, 471, 394}
{474, 478, 369, 413, 510, 438, 420, 505, 421, 479, 504, 404, 477, 521, 438, 416, 482, 429, 460, 467, 389, 470, 474, 363, 408, 503, 433, 419, 499, 417, 474, 500, 402, 470, 516, 434, 413, 475, 424, 452, 462, 386, 465, 474, 362, 407, 501, 429, 413, 494, 412, 470, 492, 397, 466, 511, 428, 410, 473, 421, 452, 457, 381, 461, 470, 358, 400, 497, 426, 409, 491, 408, 465, 488, 392, 462, 504, 426, 403, 471, 417, 446, 451, 379, 458, 464, 355, 400, 493, 422, 407, 487, 406, 461, 488, 390, 462, 502, 422, 403}
{466, 413, 442, 452, 377, 457, 463, 353, 394, 488, 418, 403, 483, 403, 458, 484, 388, 458, 499, 419, 398, 463, 410, 440, 449, 373, 450, 460, 350, 392, 486, 416, 401, 479, 400, 455, 481, 385, 452, 494, 416, 395, 460, 409, 437, 446, 369, 447, 457, 348, 392, 482, 412, 397, 478, 398, 451, 477, 382, 450, 493, 414, 392, 457, 405, 434, 443, 368, 446, 450, 345, 389, 476, 410, 395, 474, 395, 449, 473, 380, 449, 490, 411, 391, 454, 403, 430, 440, 366, 443, 450, 343, 384, 477, 408, 394, 472, 393, 446, 473}
{379, 446, 486, 409, 389, 448, 401, 428, 436, 365, 440, 447, 341, 385, 475, 405, 392, 466, 390, 448, 467, 376, 441, 486, 408, 387, 448, 399, 431, 434, 362, 442, 447, 340, 380, 473, 403, 389, 467, 389, 443, 467, 374, 444, 482, 406, 384, 446, 396, 426, 433, 361, 440, 442, 338, 381, 469, 401, 388, 462, 387, 442, 466, 372, 438, 480, 404, 385, 446, 395, 422, 431, 359, 436, 440, 337, 376, 467, 400, 388, 463, 385, 439, 464, 371, 438, 476, 402, 383, 441, 393, 424, 430, 357, 435, 441, 336, 374, 464, 397}
{384, 461, 383, 440, 459, 368, 439, 474, 400, 380, 443, 393, 422, 427, 356, 432, 440, 335, 373, 465, 397, 385, 459, 382, 437, 461, 367, 437, 473, 398, 382, 440, 390, 421, 424, 355, 429, 437, 334, 373, 463, 395, 384, 456, 380, 433, 457, 367, 432, 471, 398, 376, 440, 389, 418, 423, 353, 428, 437, 332, 371, 461, 393, 382, 457, 380, 433, 455, 366, 435, 472, 396, 378, 438, 388, 417, 425, 353, 427, 436, 332, 371, 461, 392, 383, 455, 379, 431, 457, 363, 429, 471, 395, 376, 435, 387, 415, 422, 352, 426}
{435, 330, 373, 459, 392, 379, 455, 378, 430, 455, 363, 429, 468, 394, 375, 433, 386, 416, 422, 349, 426, 434, 330, 367, 456, 390, 378, 452, 377, 429, 454, 362, 427, 468, 393, 377, 432, 385, 412, 420, 350, 425, 433, 328, 367, 457, 388, 378, 452, 376, 427, 453, 361, 428, 464, 392, 372, 433, 384, 412, 420, 348, 425, 428, 327, 371, 454, 388, 378, 447, 375, 429, 453, 360, 425, 464, 391, 373, 429, 382, 411, 419, 348, 424, 430, 326, 367, 455, 387, 375, 450, 374, 427, 451, 360, 426, 465, 390, 370, 432}
{382, 410, 417, 347, 423, 429, 327, 366, 451, 386, 376, 448, 373, 427, 451, 358, 424, 463, 389, 373, 431, 382, 410, 414, 346, 420, 429, 325, 364, 452, 385, 377, 448, 372, 427, 448, 359, 424, 464, 389, 372, 431, 381, 409, 416, 345, 421, 426, 325, 368, 452, 385, 376, 447, 372, 423, 448, 357, 422, 460, 388, 369, 430, 380, 408, 417, 345, 419, 428, 324, 363, 452, 385, 376, 446, 371, 423, 449, 356, 422, 462, 387, 368, 427, 379, 407, 416, 345, 418, 426, 323, 365, 450, 383, 372, 446, 370, 422, 447, 355}
{423, 459, 387, 370, 428, 377, 406, 415, 344, 417, 422, 323, 361, 450, 383, 372, 442, 370, 422, 447, 355, 422, 458, 386}
