700
{5315, 2935, 2520, 2128, 1759, 1887, 1827, 1266, 1405, 1600, 1079, 1218, 1186, 1079, 1120, 1135, 881, 1077, 1173, 877, 1014, 1115, 904, 946, 921, 823, 956, 982, 713, 809, 963, 680, 780, 785, 730, 775, 794, 626, 778, 865, 654, 760, 845, 693, 726, 713, 646, 741, 779, 572, 656, 781, 555, 642, 648, 605, 640, 665, 525, 660, 725, 554, 639, 726, 596, 621, 613, 557, 650, 681, 498, 580, 689, 484, 569, 576, 534, 573, 593, 467, 587, 659, 496, 577, 661, 533, 567, 560, 506, 585, 617, 451, 529, 627, 446, 519, 519, 490, 525, 542}
{431, 542, 600, 461, 534, 603, 497, 523, 516, 469, 544, 574, 424, 486, 580, 417, 480, 492, 461, 489, 505, 402, 509, 563, 433, 498, 566, 466, 491, 485, 444, 513, 538, 397, 459, 553, 393, 455, 463, 435, 465, 476, 384, 480, 541, 408, 476, 544, 443, 467, 468, 422, 487, 518, 379, 438, 528, 374, 433, 444, 417, 444, 457, 365, 459, 516, 391, 459, 518, 427, 451, 445, 406, 469, 491, 366, 422, 508, 361, 419, 430, 401, 424, 445, 352, 447, 496, 378, 439, 499, 410, 431, 428, 390, 458, 480, 352, 408, 488, 349}
{407, 414, 387, 412, 430, 341, 428, 486, 366, 425, 490, 397, 417, 422, 378, 438, 461, 343, 396, 474, 339, 394, 402, 376, 405, 415, 334, 416, 467, 356, 414, 475, 386, 408, 411, 367, 433, 452, 332, 387, 464, 329, 382, 390, 365, 390, 407, 325, 408, 461, 346, 406, 465, 378, 399, 401, 358, 418, 444, 325, 381, 456, 321, 375, 387, 358, 386, 401, 317, 398, 448, 340, 396, 453, 370, 390, 390, 353, 411, 437, 319, 372, 444, 317, 365, 376, 351, 374, 393, 311, 393, 444, 335, 392, 447, 363, 385, 384, 347, 402}
{428, 313, 363, 439, 309, 359, 371, 345, 366, 383, 306, 384, 435, 328, 383, 438, 359, 378, 379, 340, 397, 420, 307, 357, 432, 306, 356, 366, 339, 366, 380, 302, 380, 429, 323, 381, 430, 351, 369, 374, 334, 390, 412, 303, 355, 425, 302, 349, 357, 335, 359, 372, 297, 377, 420, 318, 371, 427, 346, 366, 367, 329, 384, 410, 300, 348, 418, 298, 346, 351, 331, 356, 367, 292, 371, 417, 315, 366, 419, 342, 362, 362, 326, 380, 405, 297, 344, 415, 293, 340, 352, 326, 348, 363, 290, 365, 412, 311, 363, 417}
{339, 359, 357, 322, 375, 398, 293, 341, 410, 289, 337, 346, 322, 345, 359, 285, 363, 408, 308, 358, 412, 335, 354, 356, 319, 373, 396, 290, 337, 406, 287, 333, 344, 319, 342, 357, 282, 357, 402, 304, 355, 408, 331, 351, 350, 316, 368, 392, 287, 334, 401, 284, 330, 340, 316, 338, 356, 280, 354, 400, 302, 353, 403, 329, 348, 349, 314, 365, 386, 285, 330, 400, 281, 328, 339, 313, 336, 353, 279, 351, 397, 300, 349, 400, 327, 344, 347, 310, 364, 385, 282, 329, 395, 280, 324, 335, 312, 332, 350, 276}
{348, 392, 297, 347, 398, 324, 341, 344, 309, 362, 383, 281, 327, 392, 277, 322, 330, 308, 329, 347, 275, 345, 390, 296, 343, 396, 322, 339, 342, 307, 357, 381, 278, 322, 389, 276, 322, 332, 306, 327, 345, 272, 343, 389, 293, 342, 394, 319, 339, 340, 304, 356, 378, 276, 325, 389, 273, 321, 328, 306, 326, 343, 271, 341, 386, 292, 342, 391, 317, 335, 338, 302, 353, 375, 276, 321, 386, 272, 317, 324, 304, 327, 340, 270, 339, 381, 290, 338, 389, 316, 333, 334, 301, 350, 373, 273, 318, 382, 270, 314}
{322, 302, 321, 337, 269, 337, 382, 289, 336, 387, 315, 331, 333, 299, 349, 372, 272, 316, 380, 269, 314, 323, 301, 319, 337, 267, 337, 381, 288, 335, 382, 313, 330, 330, 299, 348, 370, 270, 315, 380, 268, 312, 322, 298, 322, 334, 265, 334, 378, 285, 333, 380, 312, 327, 331, 296, 347, 369, 269, 313, 377, 267, 311, 318, 299, 316, 334, 264, 332, 374, 284, 333, 380, 310, 326, 327, 296, 345, 367, 268, 312, 377, 266, 308, 317, 297, 320, 332, 263, 332, 373, 283, 329, 380, 309, 324, 327, 294, 343, 364}
{267, 310, 375, 265, 311, 318, 296, 317, 332, 262, 329, 374, 283, 328, 379, 308, 326, 327, 294, 343, 362, 265, 310, 374, 264, 307, 317, 295, 317, 331, 260, 329, 373, 282, 327, 377, 306, 322, 325, 292, 343, 361, 265, 310, 372, 263, 305, 316, 294, 313, 326, 260, 327, 370, 281, 326, 374, 305, 323, 323, 290, 339, 360, 264, 307, 370, 262, 306, 314, 293, 311, 327, 259, 327, 369, 279, 325, 374, 305, 322, 323, 291, 338, 359, 263, 305, 370, 261, 303, 313, 291, 314, 326, 258, 325, 366, 279, 327, 374, 302}
{322, 322, 290, 337, 359, 263, 309, 367, 260, 302, 311, 291, 309, 327, 258, 327, 366, 278, 325, 373, 303, 318, 321, 288, 336, 356, 262, 307, 367, 260, 303, 312, 290, 312, 326, 257, 325, 364, 278, 324, 370, 302, 320, 321, 287, 335, 357, 261, 303, 367, 259, 300, 309, 290, 312, 325, 257, 322, 366, 276, 322, 370, 302, 319, 321, 286, 334, 357, 260, 304, 365, 259, 301, 308, 289, 311, 324, 256, 321, 365, 276, 321, 370, 301, 316, 319, 286, 333, 356, 260, 303, 365, 258, 301, 309, 288, 310, 323, 255, 322}
{362, 275, 322, 368, 299, 315, 319, 285, 332, 354, 260, 301, 363, 257, 298, 310, 287, 307, 323, 254, 322, 363, 275, 321, 369, 299, 316, 316, 285, 332, 353, 259, 301, 364, 256, 300, 307, 287, 304, 321, 255, 320, 362, 274, 319, 368, 298, 313, 318, 285, 333, 354, 259, 300, 363, 255, 300, 305, 286, 305, 321, 253, 319, 361, 273, 321, 367, 298, 313, 317, 284, 331, 352, 258, 302, 363, 256, 297, 307, 285, 303, 321, 253, 318, 358, 273, 318, 365, 297, 316, 314, 283, 333, 353, 258, 300, 362, 255, 297, 306}
{285, 305, 319, 253, 319, 361, 273, 321, 365, 297, 313, 313, 283, 332, 352, 257, 301, 360, 254, 299, 306, 286, 302, 320}