142,0.0,7.644
163,7.5,7.716
184,7.4,7.724
205,5.7,7.733
226,3.9,7.724
247,2.6,7.724
268,1.1,7.724
289,-0.3,7.724
310,-1.3,7.724
331,-1.7,7.724
352,-2.1,7.724
373,-2.7,7.733
394,-3.5,7.724
415,-4.5,7.724
436,-5.6,7.724
457,-6.5,7.733
478,-6.7,7.724
499,-7.3,7.724
520,-8.0,7.724
541,-8.5,7.724
562,-8.9,7.724
583,-9.4,7.724
604,-9.5,7.724
625,-10.2,7.724
646,-10.6,7.724
667,-10.4,7.724
688,-10.8,7.724
709,-11.1,7.724
730,-11.2,7.733
751,-11.2,7.716
772,-11.5,7.724
793,-11.8,7.724
814,-11.5,7.724
835,-12.1,7.724
856,-12.1,7.733
877,-12.1,7.733
898,-12.3,7.733
919,-12.6,7.724
940,-12.4,7.724
961,-12.8,7.724
982,-12.9,7.733
1003,-13.0,7.733
1024,-12.8,7.733
1045,-13.3,7.724
1066,-13.0,7.724
1087,-13.2,7.724
1108,-13.2,7.733
1129,-13.3,7.724
1150,-13.3,7.724
1171,-13.5,7.733
1192,-13.4,7.733
1213,-13.4,7.724
1234,-13.4,7.724
1255,-13.3,7.733
1276,-13.1,7.724
1297,-13.4,7.733
1318,-13.3,7.733
1339,-13.2,7.733
1360,-13.4,7.733
1381,-13.5,7.733
1402,-13.5,7.733
1423,-13.7,7.724
1444,-13.2,7.724
1465,-13.7,7.724
1486,-13.6,7.733
1507,-13.5,7.733
1528,-13.7,7.724
1549,-13.7,7.724
1570,-13.6,7.724
1591,-13.7,7.724
1612,-13.7,7.733
1633,-13.5,7.724
1654,-13.8,7.724
1675,-13.7,7.724
1696,-13.7,7.724
1717,-13.8,7.733
1738,-13.7,7.724
1759,-13.4,7.724
1780,-13.5,7.724
1801,-13.4,7.724
1822,-13.6,7.724
1843,-13.8,7.724
1864,-13.4,7.724
1885,-13.5,7.733
1906,-13.7,7.724
1927,-13.5,7.724
1948,-13.8,7.733
1969,-13.8,7.724
1990,-13.5,7.733
2011,-13.7,7.724
2032,-13.6,7.733
2053,-13.7,7.733
2074,-13.8,7.724
2095,-13.8,7.733
2116,-13.6,7.733
2137,-13.8,7.733
2158,-13.7,7.733
2179,-13.7,7.724
2200,-13.7,7.724
2221,-13.6,7.724
2242,-13.4,7.733
2263,-13.7,7.724
2284,-13.2,7.733
2305,-13.5,7.724
2326,-13.7,7.733
2347,-13.5,7.733
2368,-13.7,7.733
2389,-13.8,7.733
2410,-13.5,7.724
2431,-13.7,7.724
2452,-13.8,7.724
2473,-13.5,7.733
2494,-13.7,7.724
2515,-13.7,7.724
2536,-13.7,7.733
2557,-13.7,7.733
2578,-13.8,7.733
2599,-13.7,7.724
2620,-14.0,7.724
2641,-13.7,7.733
2662,-13.7,7.733
2683,-13.7,7.733
2704,-13.5,7.733
2725,-13.5,7.724
2746,-13.7,7.733
2767,-13.5,7.733
2788,-13.7,7.733
2809,-13.5,7.724
2830,-13.5,7.724
2851,-13.8,7.733
2872,-13.7,7.733
2893,-13.7,7.733
2914,-13.8,7.724
2935,-13.7,7.733
2956,-13.4,7.724
2977,-14.0,7.733
2998,-13.8,7.733
3019,-13.7,7.724
3040,-13.7,7.733
3061,-13.9,7.724
3082,-13.7,7.733
3103,-14.0,7.724
3124,-13.4,7.733
3145,-13.9,7.724
3166,-13.7,7.733
3187,-13.5,7.724
3208,-13.5,7.733
3229,-13.5,7.724
3250,-13.5,7.733
3271,-13.6,7.733
3292,-13.7,7.733
3313,-13.5,7.724
3334,-13.7,7.733
3355,-13.6,7.733
3376,-13.7,7.724
