20,0.2,7.448
41,-7.7,7.332
62,-25.1,7.349
83,-44.2,7.367
104,-63.6,7.403
125,-81.1,7.412
146,-97.6,7.430
167,-114.2,7.448
188,-128.7,7.474
209,-142.0,7.465
230,-155.1,7.492
251,-166.5,7.501
272,-177.3,7.528
293,-187.6,7.546
314,-196.9,7.528
335,-205.4,7.564
356,-213.3,7.564
377,-220.5,7.564
398,-227.4,7.573
419,-233.8,7.582
440,-239.3,7.590
461,-244.7,7.599
482,-250.0,7.599
503,-254.6,7.608
524,-258.8,7.617
545,-262.8,7.617
566,-266.8,7.626
587,-270.2,7.626
608,-273.3,7.635
629,-276.4,7.635
650,-278.9,7.635
671,-281.6,7.644
692,-284.0,7.644
713,-286.1,7.644
734,-288.2,7.644
755,-290.4,7.635
776,-292.1,7.644
797,-293.8,7.644
818,-295.3,7.662
839,-296.6,7.653
860,-298.3,7.662
881,-299.1,7.662
902,-300.5,7.653
923,-301.6,7.653
944,-302.4,7.662
965,-303.7,7.671
986,-304.2,7.671
1007,-305.3,7.671
1028,-305.8,7.671
1049,-306.8,7.662
1070,-307.3,7.662
1091,-307.7,7.662
1112,-308.4,7.662
1133,-308.8,7.671
1154,-309.4,7.662
1175,-309.6,7.680
1196,-310.1,7.671
1217,-310.5,7.671
1238,-310.8,7.671
1259,-311.3,7.662
1280,-311.6,7.671
1301,-311.7,7.671
1322,-312.0,7.662
1343,-312.3,7.671
1364,-312.4,7.671
1385,-312.8,7.671
1406,-312.9,7.671
1427,-313.1,7.671
1448,-313.4,7.671
1469,-313.5,7.671
1490,-313.6,7.689
1511,-314.1,7.671
1532,-314.1,7.671
1553,-314.1,7.680
1574,-314.5,7.680
1595,-314.6,7.671
1616,-314.6,7.680
1637,-314.6,7.680
1658,-314.8,7.680
1679,-314.8,7.671
1700,-314.7,7.680
1721,-314.8,7.671
1742,-314.8,7.680
1763,-314.8,7.671
1784,-314.9,7.671
1805,-314.9,7.680
1826,-315.3,7.680
1847,-315.3,7.671
1868,-315.3,7.680
1889,-315.3,7.680
1910,-315.4,7.680
1931,-315.5,7.662
1952,-315.1,7.671
1973,-315.3,7.671
1994,-315.3,7.671
2015,-315.3,7.680
2036,-315.4,7.680
2057,-315.6,7.680
2078,-315.5,7.671
2099,-315.5,7.671
2120,-315.5,7.671
2141,-315.5,7.680
2162,-315.7,7.680
2183,-315.2,7.680
2204,-315.4,7.671
2225,-315.4,7.680
2246,-315.4,7.671
2267,-315.3,7.671
2288,-315.3,7.680
2309,-315.6,7.680
2330,-315.7,7.671
2351,-315.7,7.680
2372,-315.5,7.680
2393,-315.6,7.680
2414,-315.5,7.671
2435,-315.3,7.671
2456,-315.4,7.671
2477,-315.5,7.671
2498,-315.6,7.671
2519,-315.6,7.671
2540,-315.5,7.680
2561,-315.7,7.680
2582,-315.7,7.680
2603,-315.6,7.680
2624,-315.4,7.671
2645,-315.6,7.680
2666,-315.5,7.680
2687,-315.3,7.680
2708,-315.4,7.680
2729,-315.4,7.680
2750,-315.5,7.680
2771,-315.3,7.671
2792,-315.5,7.680
2813,-315.6,7.689
2834,-315.7,7.680
2855,-315.4,7.689
2876,-315.4,7.680
2897,-315.4,7.680
2918,-315.2,7.680
2939,-315.4,7.680
2960,-315.4,7.671
2981,-315.6,7.689
3002,-315.5,7.689
3023,-315.7,7.680
3044,-315.6,7.680
3065,-315.7,7.680
3086,-315.5,7.689
3107,-315.3,7.671
3128,-315.4,7.680
3149,-315.3,7.689
3170,-315.3,7.680
3191,-315.2,7.689
3212,-315.2,7.680
3233,-315.4,7.680
3254,-315.3,7.680
3275,-315.4,7.680
3296,-315.5,7.680
3317,-315.4,7.680
3338,-315.5,7.680
3359,-315.2,7.680
3380,-315.3,7.671
