280,0.0,7.564
301,8.5,7.546
322,2.8,7.457
343,-7.5,7.448
364,-19.4,7.448
385,-31.9,7.394
406,-45.9,7.314
427,-62.9,7.305
448,-80.2,7.394
469,-99.5,7.242
490,-120.1,7.269
511,-139.6,7.287
532,-157.7,7.305
553,-175.8,7.314
574,-191.7,7.332
595,-206.9,7.358
616,-221.4,7.394
637,-234.2,7.421
658,-245.9,7.430
679,-257.5,7.439
700,-267.8,7.457
721,-277.3,7.457
742,-286.3,7.465
763,-294.5,7.483
784,-302.1,7.501
805,-309.2,7.510
826,-315.6,7.519
847,-321.4,7.537
868,-327.4,7.528
889,-332.2,7.537
910,-337.2,7.546
931,-341.9,7.555
952,-345.8,7.564
973,-349.8,7.582
994,-353.3,7.582
1015,-356.5,7.590
1036,-359.4,7.590
1057,-362.2,7.599
1078,-365.0,7.599
1099,-367.2,7.590
1120,-369.9,7.617
1141,-371.8,7.608
1162,-373.3,7.617
1183,-375.5,7.608
1204,-376.9,7.617
1225,-378.6,7.617
1246,-380.1,7.608
1267,-381.1,7.626
1288,-382.5,7.617
1309,-383.8,7.635
1330,-385.1,7.626
1351,-385.9,7.635
1372,-387.1,7.626
1393,-387.6,7.635
1414,-388.6,7.635
1435,-389.5,7.626
1456,-389.9,7.635
1477,-390.8,7.635
1498,-391.4,7.644
1519,-391.9,7.626
1540,-392.7,7.644
1561,-393.1,7.644
1582,-393.8,7.644
1603,-393.8,7.635
1624,-394.2,7.635
1645,-394.6,7.635
1666,-395.0,7.635
1687,-395.4,7.644
1708,-395.6,7.644
1729,-396.2,7.644
1750,-396.3,7.644
1771,-396.4,7.635
1792,-396.7,7.635
1813,-396.8,7.653
1834,-397.1,7.635
1855,-397.1,7.644
1876,-397.2,7.644
1897,-397.4,7.644
1918,-397.7,7.635
1939,-397.8,7.635
1960,-397.6,7.653
1981,-397.8,7.644
2002,-398.0,7.644
2023,-398.4,7.653
2044,-398.5,7.644
2065,-398.5,7.644
2086,-398.5,7.644
2107,-398.6,7.644
2128,-398.6,7.644
2149,-398.6,7.644
2170,-398.7,7.653
2191,-398.7,7.653
2212,-399.1,7.644
2233,-399.2,7.653
2254,-399.2,7.644
2275,-398.8,7.644
2296,-399.1,7.653
2317,-399.2,7.644
2338,-398.9,7.653
2359,-399.1,7.653
2380,-399.2,7.653
2401,-399.2,7.653
2422,-399.4,7.644
2443,-399.2,7.644
2464,-399.1,7.653
2485,-399.3,7.653
2506,-399.2,7.644
2527,-399.2,7.653
2548,-399.1,7.653
2569,-399.3,7.662
2590,-399.5,7.653
2611,-399.4,7.644
2632,-399.3,7.653
2653,-399.3,7.653
2674,-399.0,7.662
2695,-398.9,7.662
2716,-398.7,7.662
2737,-398.7,7.644
2758,-398.8,7.635
2779,-398.9,7.644
2800,-398.9,7.653
2821,-399.0,7.644
2842,-399.1,7.653
2863,-399.1,7.662
2884,-398.9,7.644
2905,-399.0,7.644
2926,-399.0,7.644
2947,-399.1,7.644
2968,-399.2,7.644
2989,-399.2,7.644
3010,-399.1,7.653
3031,-399.2,7.653
3052,-399.0,7.635
3073,-399.0,7.644
3094,-399.0,7.653
3115,-399.3,7.635
3136,-399.2,7.653
3157,-399.3,7.644
3178,-399.3,7.653
3199,-399.3,7.653
3220,-399.6,7.653
3241,-398.9,7.653
3262,-399.1,7.644
3283,-399.2,7.644
3304,-399.3,7.653
3325,-399.2,7.653
3346,-398.7,7.671
3367,-399.2,7.653
3388,-399.0,7.653
3409,-398.9,7.644
3430,-398.7,7.644
3451,-398.7,7.653
3472,-398.9,7.653
3493,-399.0,7.644
3514,-399.0,7.644
3535,-399.0,7.653
3556,-399.3,7.644
3577,-399.3,7.653
3598,-399.3,7.653
3619,-399.1,7.644
3640,-399.2,7.644
3661,-399.3,7.644
3682,-399.1,7.653
3703,-399.1,7.644
3724,-399.3,7.644
3745,-399.2,6.840
