774,-0.4,7.617
795,1.5,7.599
816,11.8,7.608
837,22.8,7.626
858,34.3,7.626
879,44.8,7.635
900,54.2,7.635
921,63.7,7.635
942,71.6,7.653
963,79.2,7.653
984,86.3,7.653
1005,92.3,7.662
1026,98.5,7.671
1047,104.0,7.662
1068,108.7,7.680
1089,113.1,7.680
1110,117.6,7.680
1131,121.4,7.689
1152,125.1,7.680
1173,128.3,7.689
1194,131.4,7.680
1215,134.3,7.698
1236,137.0,7.698
1257,139.2,7.689
1278,141.7,7.689
1299,143.4,7.698
1320,145.4,7.698
1341,147.1,7.698
1362,148.9,7.698
1383,150.3,7.707
1404,151.7,7.707
1425,152.9,7.707
1446,153.9,7.707
1467,155.1,7.707
1488,156.3,7.707
1509,157.0,7.707
1530,158.0,7.707
1551,159.0,7.707
1572,159.7,7.707
1593,160.4,7.707
1614,160.9,7.716
1635,161.4,7.707
1656,161.8,7.707
1677,162.4,7.716
1698,162.8,7.707
1719,163.4,7.707
1740,163.9,7.707
1761,163.9,7.716
1782,164.5,7.716
1803,164.8,7.716
1824,165.1,7.707
1845,165.3,7.716
1866,165.3,7.716
1887,165.7,7.716
1908,166.0,7.716
1929,166.1,7.707
1950,166.3,7.707
1971,166.6,7.716
1992,166.8,7.716
2013,166.6,7.724
2034,167.0,7.716
2055,167.2,7.716
2076,167.1,7.707
2097,167.1,7.716
2118,167.5,7.716
2139,167.3,7.716
2160,167.4,7.716
2181,167.8,7.716
2202,167.9,7.724
2223,167.5,7.707
2244,167.6,7.707
2265,168.1,7.716
2286,167.8,7.716
2307,167.8,7.716
2328,168.2,7.716
2349,168.1,7.724
2370,168.0,7.707
2391,168.2,7.716
2412,168.3,7.716
2433,168.1,7.716
2454,168.3,7.716
2475,168.4,7.716
2496,168.1,7.716
2517,168.3,7.716
2538,168.4,7.716
2559,168.2,7.716
2580,168.3,7.716
2601,168.5,7.716
2622,168.3,7.707
2643,168.4,7.716
2664,168.5,7.724
2685,168.3,7.716
2706,168.3,7.716
2727,168.5,7.716
2748,168.3,7.716
2769,168.3,7.707
2790,168.5,7.716
2811,168.4,7.716
2832,168.4,7.716
2853,168.3,7.716
2874,168.4,7.716
2895,168.2,7.716
2916,168.4,7.716
2937,168.6,7.707
2958,168.4,7.716
2979,168.5,7.716
3000,168.5,7.716
3021,168.3,7.716
3042,168.4,7.716
3063,168.7,7.716
3084,168.3,7.724
3105,168.5,7.724
3126,168.7,7.716
3147,168.4,7.716
3168,168.3,7.716
3189,168.8,7.724
3210,168.4,7.724
3231,168.3,7.716
3252,168.8,7.716
3273,168.6,7.716
3294,168.3,7.716
3315,168.7,7.716
3336,168.6,7.716
3357,168.3,7.716
3378,168.8,7.716
3399,168.8,7.716
3420,168.5,7.716
3441,168.6,7.716
3462,168.6,7.716
3483,168.4,7.724
3504,168.6,7.716
3525,168.7,7.716
3546,168.4,7.716
3567,168.5,7.716
3588,168.8,7.716
3609,168.4,7.716
3630,168.4,7.716
3651,168.7,7.716
3672,168.5,7.716
3693,168.5,7.724
3714,168.6,7.716
3735,168.4,7.724
3756,168.5,7.716
3777,168.8,7.716
3798,168.4,7.716
3819,168.4,7.716
3840,168.7,7.716
3861,168.5,7.707
3882,168.4,7.716
3903,168.5,7.724
3924,168.4,7.707
3945,168.3,7.716
3966,168.6,7.724
3987,168.6,7.716
4008,168.3,7.716
4029,168.7,7.716
4050,168.6,7.724
4071,168.5,7.724
4092,168.6,7.716
4113,168.7,7.707
4134,168.4,7.716
4155,168.6,7.716
4176,168.7,7.716
4197,168.5,7.716
4218,168.5,7.716
4239,168.6,7.724
4260,168.4,7.724
4281,168.5,7.716
4302,168.7,7.724
4323,168.5,7.716
4344,168.5,7.724
4365,168.6,7.716
4386,168.5,7.724
4407,168.5,7.716
4428,168.7,7.716
4449,168.6,7.716
4470,168.4,7.724
4491,168.7,7.724
4512,168.7,7.716
4533,168.4,7.716
4554,168.6,7.707
4575,168.7,7.716
4596,168.3,7.707
4617,168.6,7.716
4638,168.7,7.716
4659,168.5,7.716
4680,168.5,7.716
4701,168.6,7.716
4722,168.4,7.716
4743,168.5,7.716
4764,168.5,7.716
4785,168.5,7.716
4806,168.4,7.716
4827,168.6,7.716
4848,168.3,7.716
4869,168.4,7.724
