638,0.0,7.501
659,6.2,7.340
680,22.9,7.385
701,41.7,7.403
722,61.3,7.394
743,78.9,7.421
764,97.0,7.421
785,112.6,7.430
806,126.9,7.457
827,141.2,7.474
848,153.8,7.492
869,165.2,7.510
890,176.6,7.519
911,186.8,7.528
932,195.8,7.537
953,204.4,7.546
974,212.7,7.555
995,219.8,7.555
1016,226.8,7.590
1037,233.1,7.599
1058,238.9,7.590
1079,244.7,7.599
1100,249.5,7.608
1121,254.3,7.608
1142,258.7,7.599
1163,262.5,7.617
1184,266.5,7.626
1205,270.0,7.626
1226,273.3,7.635
1247,276.2,7.626
1268,278.6,7.635
1289,281.5,7.635
1310,283.9,7.635
1331,286.1,7.644
1352,288.2,7.644
1373,290.4,7.653
1394,292.2,7.644
1415,293.7,7.653
1436,295.6,7.653
1457,296.5,7.653
1478,298.4,7.653
1499,299.6,7.653
1520,300.2,7.662
1541,301.6,7.662
1562,302.7,7.671
1583,303.5,7.662
1604,304.4,7.671
1625,305.0,7.671
1646,305.8,7.662
1667,307.0,7.671
1688,307.3,7.671
1709,307.9,7.671
1730,308.5,7.671
1751,309.0,7.680
1772,309.3,7.671
1793,309.6,7.680
1814,310.2,7.671
1835,310.4,7.680
1856,310.8,7.671
1877,311.2,7.680
1898,311.5,7.680
1919,311.8,7.680
1940,312.0,7.689
1961,312.4,7.680
1982,312.7,7.671
2003,313.0,7.680
2024,313.0,7.680
2045,312.9,7.680
2066,313.4,7.680
2087,313.4,7.680
2108,313.6,7.680
2129,314.0,7.671
2150,314.0,7.671
2171,314.2,7.680
2192,314.3,7.680
2213,314.4,7.689
2234,314.5,7.680
2255,314.4,7.680
2276,314.6,7.671
2297,314.4,7.671
2318,314.5,7.671
2339,314.4,7.671
2360,314.8,7.671
2381,314.8,7.680
2402,314.7,7.680
2423,315.1,7.680
2444,315.2,7.680
2465,314.7,7.680
2486,315.5,7.680
2507,315.3,7.671
2528,315.3,7.671
2549,315.2,7.671
2570,315.1,7.671
2591,315.2,7.680
2612,315.1,7.671
2633,314.9,7.680
2654,315.3,7.680
2675,315.5,7.671
2696,315.4,7.671
2717,315.5,7.680
2738,315.7,7.680
2759,315.5,7.680
2780,315.7,7.689
2801,315.5,7.680
2822,315.4,7.671
2843,315.6,7.671
2864,315.4,7.671
2885,315.5,7.680
2906,315.9,7.680
2927,315.8,7.680
2948,315.8,7.680
2969,315.9,7.671
2990,315.8,7.680
3011,315.9,7.680
3032,315.8,7.680
3053,315.6,7.689
3074,315.7,7.680
3095,315.8,7.689
3116,315.8,7.680
3137,315.8,7.680
3158,315.8,7.680
3179,316.0,7.680
3200,315.9,7.680
3221,315.8,7.689
3242,315.6,7.689
3263,315.7,7.689
3284,315.5,7.680
3305,315.5,7.689
3326,315.5,7.680
3347,315.9,7.689
3368,315.8,7.680
3389,315.7,7.689
3410,315.8,7.680
3431,315.8,7.680
3452,315.9,7.689
3473,315.7,7.680
3494,315.6,7.680
3515,315.8,7.680
3536,315.8,7.680
3557,315.6,7.689
3578,315.8,7.680
3599,316.0,7.689
3620,315.8,7.689
3641,315.7,7.689
3662,315.8,7.680
3683,315.7,7.680
3704,315.6,7.689
3725,315.4,7.689
3746,315.5,7.689
3767,315.8,7.680
3788,315.8,7.689
3809,315.7,7.689
3830,316.0,7.689
3851,315.8,7.689
3872,315.9,7.680
3893,315.7,7.689
3914,315.7,7.689
3935,315.7,7.680
3956,315.7,7.698
3977,315.8,7.689
3998,315.8,7.689
4019,316.1,7.680
4040,316.0,7.680
4061,315.9,7.689
4082,315.8,7.680
4103,315.9,7.680
4124,316.0,7.680
4145,315.6,7.680
4166,315.9,7.671
4187,315.9,7.680
4208,316.0,7.680
4229,316.0,7.680