400
{9520, 4543, 4729, 3765, 3108, 3275, 2847, 2154, 3140, 2388, 1925, 2661, 2387, 1890, 2171, 2047, 1850, 2319, 1933, 1546, 2138, 1818, 1362, 1778, 1630, 1467, 1676, 1539, 1223, 1866, 1476, 1220, 1719, 1597, 1296, 1512, 1445, 1329, 1679, 1423, 1160, 1612, 1385, 1054, 1383, 1283, 1165, 1333, 1235, 988, 1517, 1210, 1004, 1425, 1327, 1080, 1270, 1221, 1128, 1429, 1214, 992, 1387, 1192, 909, 1204, 1107, 1015, 1165, 1085, 875, 1337, 1072, 891, 1265, 1183, 969, 1138, 1094, 1014, 1294, 1087, 898, 1258, 1085, 827, 1097, 1017, 929, 1064, 998, 802, 1225, 984, 820, 1170, 1094, 893, 1054, 1008}
{941, 1194, 1015, 834, 1166, 1010, 772, 1021, 951, 866, 994, 929, 752, 1147, 923, 772, 1095, 1029, 841, 987, 954, 886, 1128, 955, 787, 1104, 954, 729, 966, 900, 822, 948, 888, 716, 1095, 879, 734, 1043, 981, 803, 946, 912, 847, 1076, 915, 753, 1056, 914, 701, 933, 864, 788, 908, 853, 685, 1051, 846, 707, 1003, 942, 771, 905, 875, 815, 1038, 883, 725, 1018, 883, 678, 899, 828, 761, 875, 822, 666, 1013, 814, 683, 973, 907, 747, 879, 850, 791, 1008, 858, 704, 986, 856, 656, 868, 807, 740, 849, 796, 646, 982, 795, 663}
{945, 887, 729, 855, 824, 770, 979, 833, 687, 963, 832, 640, 845, 785, 722, 830, 778, 630, 959, 775, 650, 920, 862, 709, 835, 806, 751, 960, 815, 672, 944, 813, 626, 829, 768, 706, 812, 763, 618, 943, 759, 635, 904, 849, 697, 817, 793, 737, 937, 793, 657, 921, 802, 615, 816, 759, 692, 796, 751, 606, 922, 743, 625, 886, 835, 686, 809, 779, 724, 926, 786, 647, 908, 786, 602, 800, 740, 682, 784, 737, 598, 909, 733, 614, 871, 822, 674, 792, 768, 713, 906, 774, 639, 894, 776, 596, 789, 736, 673, 774}
{725, 589, 894, 721, 606, 863, 811, 665, 782, 755, 705, 895, 762, 631, 883, 763, 587, 777, 725, 665, 768, 719, 581, 884, 714, 598, 851, 800, 658, 772, 748, 696, 885, 754, 621, 877, 757, 580, 769, 717, 657, 756, 711, 573, 873, 707, 592, 843, 792, 650, 764, 741, 689, 875, 741, 617, 862, 749, 575, 759, 710, 649, 746, 704, 568, 867, 699, 587, 831, 780, 644, 758, 733, 682, 865, 740, 610, 856, 742, 570, 753, 704, 643, 743, 697, 563, 857, 693, 581, 825, 777, 638, 748, 727, 677, 857, 734, 606, 846, 736}
{564, 745, 696, 637, 740, 689, 560, 850, 688, 577, 816, 767, 633, 744, 718, 671, 854, 723, 599, 841, 731, 561, 739, 692, 633, 732, 685, 554, 843, 683, 573, 811, 762, 629, 741, 713, 665, 844, 719, 596, 833, 724, 555, 734, 689, 630, 728, 682, 551, 837, 673, 568, 804, 760, 625, 732, 710, 662, 840, 715, 591, 830, 717, 553, 729, 681, 626, 719, 678, 546, 834, 673, 565, 802, 755, 622, 732, 704, 658, 836, 713, 589, 824, 713, 551, 726, 680, 623, 719, 674, 546, 829, 669, 564, 796, 753, 618, 725, 703, 654}
{830, 705, 585, 822, 710, 545, 724, 675, 619, 712, 669, 543, 825, 666, 559, 791, 744, 616, 722, 697, 651, 827, 701, 584, 820, 710, 546, 720, 670, 615, 709, 664, 540, 821, 662, 558, 793, 741, 610, 720, 696, 650, 826, 703, 580, 817, 706, 543, 716, 671, 613, 706, 665, 539, 817, 662, 555, 786, 743, 609, 716, 693, 647, 820, 698, 579, 810, 704, 542, 713, 666, 612, 701, 659, 537, 814, 658, 553, 782, 736, 609, 716, 692, 644, 817, 698, 576, 807, 701, 538, 710, 665, 610, 701, 657, 534, 812, 655, 552, 781}
{735, 607, 712, 688, 643, 813, 695, 575, 809, 699, 537, 711, 663, 609, 702, 657, 532, 809, 656, 549, 778, 734, 604, 711, 684, 642, 813, 694, 574, 801, 698, 535, 710, 662, 605, 696, 655, 530, 810, 654, 547, 777, 733, 603, 707, 684, 639, 808, 690, 572, 801, 696, 536, 705, 660, 604, 698, 654, 530, 807, 652, 548, 774, 731, 601, 707, 685, 637, 811, 689, 571, 801, 695, 534, 703, 658, 603, 692, 652, 527, 808, 648, 544, 771, 729, 598, 705, 680, 636, 808, 688, 570, 796, 690, 533, 703, 656, 601, 691, 651}
{526, 802, 650, 547, 772, 728, 598, 703, 683, 636, 806, 687, 569, 796, 691, 530, 701, 654, 601, 689, 650, 527, 805, 649, 545, 768, 726, 598, 702, 681, 635, 804, 686, 567, 796, 687, 530, 701, 651, 599, 688, 650, 526, 801, 648, 543, 767, 724, 598, 701, 681, 634, 801, 682, 567, 795, 686, 529, 699, 654, 600, 688, 648, 525, 800, 643, 544, 767, 720, 596, 701, 680, 633, 800, 684, 566, 790, 687, 529, 699, 653, 598, 686, 645, 523, 801, 646, 542, 766, 722, 597, 699, 677, 633, 802, 682, 566, 788, 687, 528}
{698, 653, 596, 690, 646, 523, 800, 645, 541, 766, 721, 595, 698, 674, 632, 799, 683, 565, 790, 687, 527, 697, 651, 597, 684, 643, 522, 797, 645, 540, 765, 721, 593, 699, 677, 631, 800, 682, 563, 791, 686, 526, 697, 648, 596, 683, 645, 522, 798, 642, 538, 766, 720, 593, 698, 676, 630, 798, 679, 564, 787, 685, 528, 696, 647, 596, 684, 644, 520, 796, 644, 540, 763, 715, 593, 697, 675, 630, 797, 678, 563, 789, 683, 525, 696, 650, 596, 682, 643, 522, 795, 643, 539, 765, 719, 591, 694, 675, 629, 795}
{676, 563, 788, 682, 525, 694, 647, 594, 686, 641, 520, 795, 643, 539, 762, 718, 591, 694, 675, 629, 795, 678, 562, 784, 681, 526, 698, 649, 595, 681, 643, 522, 797, 642, 538, 761, 718, 591, 693, 674, 628, 800, 680, 562, 785, 681, 526, 695, 649, 594, 681, 641, 520, 793, 641, 537, 762, 716, 591, 693, 673, 628, 797, 679, 562, 785, 681, 526, 697, 649, 593, 686, 642, 519, 792, 639, 538, 762, 717, 591, 696, 670, 627, 796, 680, 562, 784, 678, 525, 694, 643, 592, 680, 641, 520, 792, 641, 536, 760, 716}
{590, 693, 669, 627, 795, 679, 562, 786, 679, 524, 692, 647, 593, 681, 639, 519, 792, 640, 538, 761, 713, 590, 691, 671}
