450
{0, 8205, 4620, 3710, 4079, 3238, 2473, 2951, 2587, 2090, 2535, 1936, 1907, 2266, 1727, 1434, 1946, 1834, 1401, 1767, 1646, 1494, 1703, 1413, 1391, 1752, 1527, 1256, 1596, 1468, 1233, 1559, 1227, 1234, 1506, 1165, 991, 1377, 1311, 1018, 1294, 1218, 1127, 1295, 1095, 1078, 1365, 1212, 1001, 1277, 1182, 998, 1266, 1006, 1018, 1249, 981, 824, 1147, 1107, 862, 1106, 1040, 962, 1113, 944, 934, 1188, 1055, 874, 1117, 1034, 877, 1113, 890, 898, 1105, 872, 737, 1026, 993, 777, 994, 942, 870, 1007, 852, 848, 1073, 956, 796, 1019, 943, 802, 1020, 814, 826, 1018, 801, 679}
{948, 915, 717, 914, 873, 807, 935, 790, 790, 1003, 891, 742, 951, 883, 750, 954, 764, 771, 954, 755, 637, 894, 862, 674, 860, 825, 761, 879, 751, 747, 946, 843, 702, 902, 834, 714, 904, 726, 732, 905, 716, 605, 854, 821, 643, 823, 787, 727, 840, 714, 711, 903, 804, 671, 867, 798, 683, 869, 696, 704, 870, 688, 582, 814, 787, 617, 787, 751, 697, 806, 691, 686, 868, 777, 645, 829, 773, 659, 836, 670, 679, 841, 659, 563, 790, 764, 598, 762, 732, 675, 782, 671, 664, 842, 754, 627, 803, 750, 639, 808}
{652, 658, 813, 644, 548, 769, 740, 581, 741, 709, 656, 762, 654, 646, 818, 729, 609, 782, 730, 622, 790, 635, 641, 795, 628, 535, 751, 723, 565, 727, 694, 640, 740, 634, 630, 805, 718, 598, 765, 711, 608, 772, 617, 629, 777, 609, 524, 730, 706, 554, 708, 680, 628, 730, 623, 617, 785, 701, 585, 754, 700, 597, 753, 605, 616, 761, 599, 512, 720, 694, 543, 696, 667, 618, 714, 611, 604, 767, 689, 576, 740, 686, 586, 740, 595, 605, 751, 593, 504, 707, 681, 536, 682, 652, 608, 705, 598, 594, 755, 679}
{566, 724, 677, 577, 734, 589, 593, 736, 583, 496, 692, 674, 525, 676, 645, 600, 696, 594, 589, 745, 670, 557, 714, 664, 569, 719, 581, 589, 727, 575, 489, 682, 665, 519, 666, 638, 590, 682, 584, 579, 734, 656, 552, 705, 660, 561, 711, 573, 580, 716, 569, 484, 678, 653, 514, 656, 630, 583, 673, 577, 574, 726, 651, 546, 698, 649, 554, 706, 565, 574, 710, 559, 477, 665, 649, 507, 649, 625, 578, 669, 575, 567, 719, 646, 539, 689, 645, 549, 697, 560, 569, 703, 557, 474, 661, 642, 503, 643, 617, 572}
{663, 569, 563, 714, 637, 534, 683, 638, 544, 689, 557, 564, 697, 552, 469, 658, 637, 498, 639, 608, 567, 658, 563, 556, 709, 633, 532, 677, 633, 538, 683, 551, 560, 689, 548, 466, 649, 632, 494, 633, 606, 562, 651, 554, 552, 701, 629, 526, 672, 628, 533, 677, 547, 554, 688, 540, 463, 644, 627, 488, 626, 604, 558, 649, 556, 548, 696, 624, 523, 667, 620, 530, 673, 539, 552, 680, 540, 458, 640, 621, 487, 623, 599, 555, 641, 550, 543, 691, 620, 518, 662, 620, 526, 669, 538, 547, 678, 535, 456, 636}
{619, 482, 618, 594, 550, 640, 548, 541, 688, 617, 515, 661, 615, 523, 667, 537, 545, 671, 530, 453, 633, 614, 482, 615, 590, 546, 634, 544, 538, 683, 613, 513, 657, 608, 521, 663, 531, 540, 668, 530, 450, 630, 611, 477, 615, 588, 545, 634, 543, 534, 679, 606, 511, 654, 611, 519, 662, 531, 537, 668, 528, 448, 629, 609, 475, 609, 583, 543, 626, 538, 532, 680, 607, 509, 650, 606, 516, 655, 528, 535, 661, 523, 446, 623, 603, 474, 607, 582, 540, 624, 538, 531, 676, 602, 506, 647, 605, 514, 656, 526}
{535, 662, 521, 444, 626, 600, 472, 607, 581, 538, 624, 534, 529, 671, 603, 504, 644, 597, 511, 652, 524, 531, 658, 522, 443, 620, 599, 471, 604, 578, 536, 619, 532, 526, 671, 601, 502, 642, 600, 510, 648, 522, 530, 656, 519, 441, 616, 598, 469, 600, 575, 534, 618, 530, 525, 669, 597, 500, 640, 598, 508, 646, 518, 528, 652, 517, 439, 614, 597, 468, 600, 574, 530, 615, 529, 523, 665, 596, 499, 637, 594, 505, 645, 516, 527, 651, 515, 439, 611, 595, 467, 597, 570, 529, 613, 523, 520, 664, 593, 497}
{636, 593, 505, 643, 515, 524, 648, 515, 436, 611, 594, 465, 598, 571, 529, 613, 522, 521, 661, 593, 496, 634, 592, 503, 640, 516, 524, 647, 513, 437, 614, 591, 463, 596, 568, 526, 616, 522, 521, 659, 591, 494, 632, 590, 502, 642, 514, 523, 646, 512, 435, 608, 588, 463, 595, 565, 527, 608, 523, 516, 658, 590, 494, 631, 586, 501, 640, 513, 522, 645, 509, 435, 606, 588, 461, 592, 566, 525, 608, 522, 516, 657, 586, 493, 630, 587, 500, 636, 511, 521, 644, 510, 432, 607, 587, 461, 590, 564, 525, 608}
{521, 515, 656, 585, 492, 631, 587, 499, 637, 510, 519, 642, 509, 432, 604, 586, 460, 589, 563, 523, 609, 520, 515, 654, 587, 491, 631, 586, 499, 634, 509, 517, 640, 508, 431, 606, 585, 460, 588, 560, 521, 604, 518, 514, 655, 585, 489, 630, 584, 497, 633, 510, 518, 640, 503, 430, 605, 584, 458, 587, 563, 522, 606, 515, 512, 655, 585, 489, 625, 584, 497, 632, 510, 518, 638, 503, 429, 601, 582, 456, 586, 561, 521, 607, 515, 512, 652, 581, 488, 625, 582, 496, 633, 508, 517, 637, 506, 429, 602, 583}
{457, 589, 560, 518, 605, 514, 512, 650, 583, 488, 625, 582, 496, 630, 505, 515, 637, 504, 429, 603, 582, 457, 586, 561, 520, 601, 516, 511, 652, 579, 486, 626, 582, 494, 633, 507, 515, 635, 504, 427, 599, 581, 456, 584, 561, 518, 602, 513, 510, 650, 582, 486, 627, 581, 493, 632, 506, 514, 637, 504, 428, 599, 580, 456, 583, 560, 518, 602, 514, 510, 650, 580, 487, 622, 577, 494, 630, 506, 514, 635, 504, 428, 598, 580, 454, 583, 555, 518, 600, 511, 509, 650, 581, 486, 623, 579, 493, 627, 503, 514}
{636, 503, 427, 598, 579, 454, 585, 559, 516, 602, 514, 509, 647, 578, 485, 621, 579, 493, 626, 504, 513, 635, 502, 426}
