550
{22818, 4743, 2928, 3362, 2815, 1997, 2374, 2096, 1825, 2013, 1636, 1564, 1915, 1638, 1335, 1668, 1502, 1249, 1566, 1206, 1213, 1476, 1131, 949, 1298, 1236, 964, 1212, 1139, 1047, 1199, 1001, 990, 1245, 1097, 904, 1150, 1046, 891, 1130, 893, 904, 1102, 865, 727, 1010, 963, 756, 960, 913, 836, 962, 818, 810, 1018, 900, 753, 959, 887, 751, 949, 758, 766, 939, 739, 626, 870, 835, 660, 838, 798, 736, 853, 722, 711, 905, 805, 666, 851, 784, 673, 849, 680, 691, 847, 667, 567, 795, 762, 597, 762, 726, 671, 773, 661, 656, 824, 737, 612, 782}
{726, 619, 789, 630, 638, 782, 620, 527, 729, 703, 555, 706, 677, 625, 722, 618, 611, 770, 683, 576, 736, 685, 582, 737, 591, 600, 738, 583, 496, 694, 664, 523, 667, 637, 592, 680, 584, 578, 735, 650, 547, 699, 647, 554, 698, 562, 571, 702, 557, 473, 658, 634, 499, 636, 611, 566, 654, 558, 551, 699, 627, 523, 671, 624, 530, 678, 535, 548, 674, 535, 455, 633, 613, 480, 612, 586, 545, 627, 538, 530, 674, 604, 507, 645, 600, 511, 649, 520, 531, 651, 514, 440, 611, 588, 464, 593, 568, 526, 612, 520}
{514, 655, 584, 489, 625, 579, 496, 628, 502, 515, 633, 502, 424, 597, 574, 452, 580, 549, 513, 592, 501, 502, 639, 568, 477, 611, 563, 482, 618, 492, 502, 617, 487, 416, 580, 559, 440, 562, 538, 499, 577, 492, 488, 620, 555, 466, 596, 550, 473, 599, 478, 491, 602, 478, 406, 565, 550, 431, 552, 528, 490, 563, 485, 478, 604, 546, 457, 581, 539, 462, 584, 471, 481, 592, 470, 399, 556, 538, 424, 538, 518, 482, 555, 476, 469, 594, 535, 449, 572, 530, 453, 574, 465, 474, 578, 460, 391, 545, 528, 415}
{530, 508, 472, 544, 468, 465, 583, 524, 441, 565, 522, 448, 563, 456, 466, 569, 453, 386, 538, 521, 409, 520, 501, 464, 536, 460, 458, 576, 518, 435, 551, 517, 442, 561, 448, 458, 560, 447, 381, 529, 513, 405, 514, 496, 459, 529, 453, 450, 565, 512, 428, 544, 510, 435, 547, 443, 452, 552, 442, 376, 521, 507, 400, 509, 487, 453, 521, 448, 445, 563, 505, 423, 537, 504, 430, 541, 438, 447, 549, 437, 372, 515, 503, 395, 500, 485, 448, 517, 446, 440, 553, 497, 419, 533, 499, 425, 538, 433, 442, 540}
{429, 368, 512, 498, 389, 496, 479, 443, 509, 441, 435, 549, 493, 416, 528, 494, 421, 533, 429, 438, 538, 425, 364, 504, 493, 386, 491, 472, 439, 507, 435, 431, 542, 486, 411, 523, 486, 418, 526, 426, 433, 531, 424, 361, 499, 488, 383, 485, 471, 435, 499, 432, 427, 537, 487, 408, 516, 483, 413, 522, 422, 429, 528, 422, 357, 495, 483, 380, 484, 466, 432, 495, 427, 423, 533, 482, 405, 514, 481, 411, 517, 419, 426, 522, 416, 356, 492, 477, 377, 480, 460, 429, 493, 422, 421, 531, 480, 401, 511, 478}
{407, 516, 416, 422, 518, 412, 352, 493, 475, 375, 477, 459, 425, 490, 424, 417, 527, 474, 399, 507, 474, 405, 512, 410, 422, 517, 414, 350, 488, 475, 372, 474, 457, 424, 491, 420, 413, 523, 473, 398, 502, 473, 402, 508, 411, 420, 514, 408, 349, 482, 470, 369, 469, 454, 421, 483, 419, 411, 521, 469, 395, 500, 470, 400, 504, 408, 417, 509, 406, 347, 480, 466, 368, 467, 451, 419, 480, 414, 409, 518, 469, 394, 498, 465, 396, 501, 407, 414, 506, 403, 343, 476, 464, 367, 465, 447, 416, 479, 414, 408}
{517, 464, 390, 494, 463, 396, 499, 405, 413, 504, 405, 341, 475, 464, 364, 463, 447, 415, 476, 412, 404, 513, 463, 389, 495, 464, 393, 496, 401, 410, 501, 400, 342, 472, 462, 363, 460, 443, 414, 475, 411, 403, 510, 462, 387, 491, 461, 392, 497, 401, 408, 499, 402, 339, 474, 460, 361, 461, 444, 410, 473, 410, 403, 511, 459, 386, 490, 456, 390, 491, 400, 407, 501, 401, 338, 471, 459, 359, 457, 442, 409, 471, 408, 403, 507, 459, 385, 490, 458, 390, 492, 399, 405, 497, 397, 337, 468, 458, 357, 456}
{442, 409, 469, 407, 401, 506, 458, 384, 486, 457, 388, 491, 396, 404, 496, 398, 337, 469, 456, 359, 455, 441, 408, 468, 406, 400, 507, 456, 383, 484, 453, 387, 488, 395, 404, 494, 397, 335, 466, 455, 358, 454, 440, 407, 469, 405, 399, 506, 455, 382, 484, 454, 385, 486, 394, 403, 492, 393, 335, 465, 455, 357, 452, 435, 405, 466, 402, 399, 505, 454, 381, 482, 452, 385, 488, 393, 402, 492, 396, 333, 464, 453, 356, 451, 436, 406, 467, 403, 397, 503, 453, 381, 480, 452, 383, 486, 393, 400, 490, 395}
{333, 464, 452, 353, 451, 433, 404, 466, 399, 397, 499, 452, 380, 480, 452, 383, 486, 392, 401, 490, 391, 333, 462, 452, 353, 451, 433, 404, 463, 400, 395, 498, 451, 379, 480, 450, 382, 484, 392, 401, 488, 393, 331, 461, 450, 354, 451, 432, 403, 461, 400, 395, 500, 451, 378, 478, 449, 381, 486, 391, 399, 489, 389, 331, 460, 448, 353, 449, 435, 400, 463, 398, 393, 501, 450, 377, 478, 450, 380, 480, 390, 399, 486, 390, 330, 459, 449, 351, 446, 433, 402, 460, 399, 393, 498, 449, 377, 479, 448, 380}
{482, 390, 397, 485, 391, 330, 459, 449, 350, 446, 429, 400, 462, 398, 393, 494, 448, 376, 478, 447, 379, 483, 389, 398, 486, 389, 330, 459, 446, 349, 445, 429, 399, 459, 397, 392, 496, 447, 376, 475, 447, 379, 481, 388, 397, 485, 389, 328, 457, 445, 350, 444, 429, 398, 458, 394, 391, 494, 448, 374, 474, 447, 378, 482, 388, 396, 484, 388, 327, 457, 445, 350, 447, 431, 398, 460, 397, 391, 492, 446, 374, 473, 446, 378, 480, 387, 395, 482, 387, 328, 456, 445, 349, 443, 432, 399, 457, 396, 390, 492}
{447, 374, 474, 445, 377, 477, 388, 396, 482, 385, 328, 456, 444, 348, 444, 431, 397, 456, 393, 391, 496, 443, 373, 472}
