600
{14455, 3670, 3468, 2687, 2161, 2250, 1908, 1462, 2119, 1602, 1283, 1768, 1583, 1258, 1432, 1342, 1215, 1512, 1247, 1020, 1394, 1177, 890, 1157, 1062, 955, 1082, 990, 796, 1203, 947, 785, 1123, 1026, 838, 970, 927, 855, 1088, 912, 746, 1034, 887, 678, 894, 820, 746, 848, 794, 640, 965, 771, 646, 908, 846, 694, 813, 776, 719, 906, 764, 635, 887, 759, 582, 761, 701, 645, 744, 691, 559, 844, 672, 567, 802, 749, 616, 716, 692, 645, 815, 682, 568, 791, 684, 525, 688, 640, 586, 677, 624, 509, 766, 616, 518, 736, 686, 565, 658, 633}
{591, 745, 635, 526, 728, 632, 489, 637, 590, 545, 627, 583, 477, 715, 573, 485, 689, 640, 529, 614, 595, 555, 699, 590, 495, 691, 594, 458, 599, 552, 514, 587, 548, 449, 676, 545, 460, 647, 608, 502, 587, 563, 528, 664, 561, 469, 655, 565, 438, 573, 531, 491, 567, 525, 429, 646, 519, 439, 618, 581, 482, 558, 537, 506, 642, 537, 452, 630, 542, 420, 551, 512, 470, 541, 506, 414, 626, 499, 423, 594, 562, 462, 539, 522, 490, 618, 524, 434, 602, 525, 408, 533, 491, 456, 523, 487, 399, 599, 482, 410}
{574, 544, 450, 522, 504, 474, 593, 507, 424, 586, 507, 397, 514, 476, 443, 504, 479, 390, 584, 469, 400, 559, 527, 438, 510, 494, 461, 581, 489, 414, 570, 497, 385, 500, 467, 433, 492, 463, 378, 572, 461, 389, 549, 513, 428, 494, 479, 451, 567, 484, 404, 557, 486, 376, 488, 455, 423, 482, 456, 373, 557, 451, 382, 533, 505, 421, 484, 469, 442, 552, 474, 396, 548, 474, 370, 483, 446, 415, 472, 446, 363, 545, 443, 374, 523, 497, 410, 476, 464, 434, 543, 465, 388, 536, 468, 360, 471, 442, 409, 464}
{440, 360, 538, 434, 369, 516, 485, 406, 468, 454, 428, 534, 456, 382, 529, 460, 355, 464, 435, 403, 457, 432, 353, 527, 428, 364, 505, 482, 399, 460, 449, 422, 525, 451, 376, 519, 452, 351, 459, 428, 396, 450, 427, 348, 520, 424, 359, 498, 475, 394, 454, 444, 416, 522, 443, 372, 512, 448, 348, 451, 422, 391, 447, 422, 341, 513, 419, 355, 498, 469, 388, 450, 438, 410, 513, 440, 366, 504, 443, 343, 445, 416, 387, 439, 418, 341, 507, 413, 350, 490, 462, 384, 442, 430, 405, 507, 435, 364, 500, 440}
{341, 442, 415, 383, 434, 413, 335, 502, 407, 345, 482, 460, 381, 442, 427, 402, 501, 430, 362, 496, 435, 335, 436, 410, 379, 429, 409, 333, 501, 405, 344, 477, 453, 378, 433, 424, 397, 497, 428, 359, 490, 432, 332, 432, 406, 375, 430, 406, 331, 494, 402, 339, 475, 451, 373, 431, 420, 394, 493, 419, 356, 488, 429, 330, 430, 402, 373, 427, 402, 328, 489, 397, 338, 470, 445, 372, 428, 420, 391, 493, 421, 352, 483, 425, 328, 428, 400, 370, 424, 399, 325, 485, 396, 336, 467, 445, 369, 423, 416, 388}
{485, 418, 348, 479, 423, 325, 423, 397, 369, 417, 396, 323, 483, 392, 333, 465, 440, 366, 420, 414, 386, 482, 414, 348, 478, 419, 323, 420, 394, 365, 414, 392, 321, 482, 389, 332, 461, 436, 365, 420, 411, 384, 482, 412, 345, 474, 417, 321, 421, 392, 364, 416, 392, 320, 476, 388, 329, 459, 438, 362, 417, 406, 381, 478, 406, 343, 470, 415, 319, 415, 390, 362, 411, 390, 318, 473, 384, 328, 457, 435, 361, 416, 406, 379, 475, 409, 341, 469, 410, 318, 413, 389, 361, 409, 388, 317, 472, 385, 326, 455}
{431, 358, 412, 403, 377, 474, 406, 339, 468, 411, 317, 415, 388, 358, 407, 386, 315, 469, 382, 324, 455, 430, 357, 412, 403, 375, 472, 406, 339, 463, 409, 316, 409, 383, 358, 404, 384, 312, 467, 381, 323, 451, 430, 354, 410, 402, 375, 469, 403, 338, 462, 409, 314, 411, 383, 357, 403, 384, 313, 466, 379, 322, 449, 425, 355, 407, 401, 374, 467, 400, 337, 461, 404, 313, 408, 382, 354, 401, 381, 311, 465, 376, 321, 449, 427, 354, 406, 398, 372, 465, 397, 336, 459, 404, 312, 406, 378, 353, 399, 381}
{309, 462, 378, 320, 447, 425, 352, 405, 397, 371, 465, 397, 334, 459, 401, 310, 404, 378, 353, 399, 380, 310, 461, 375, 320, 447, 421, 351, 403, 396, 371, 462, 396, 333, 455, 403, 311, 402, 375, 353, 398, 379, 308, 458, 373, 319, 445, 421, 351, 401, 393, 370, 462, 396, 332, 456, 400, 310, 402, 374, 352, 397, 377, 306, 457, 371, 318, 441, 421, 349, 402, 391, 369, 460, 395, 332, 453, 398, 309, 400, 377, 349, 394, 376, 308, 456, 370, 317, 440, 417, 349, 399, 392, 368, 458, 394, 331, 454, 398, 307}
{402, 372, 349, 393, 373, 305, 455, 372, 316, 438, 417, 348, 398, 390, 367, 458, 393, 331, 450, 397, 307, 401, 373, 348, 396, 375, 306, 455, 371, 317, 438, 417, 347, 398, 390, 366, 457, 393, 329, 451, 395, 308, 400, 373, 348, 394, 374, 304, 453, 370, 315, 442, 418, 347, 397, 389, 366, 456, 389, 330, 449, 396, 306, 398, 373, 347, 394, 374, 305, 452, 369, 314, 439, 415, 345, 398, 388, 365, 457, 391, 329, 448, 395, 306, 397, 372, 348, 391, 371, 304, 452, 369, 314, 438, 412, 345, 397, 387, 365, 454}
{391, 328, 448, 395, 306, 396, 373, 348, 390, 373, 303, 453, 369, 314, 439, 414, 344, 396, 386, 364, 453, 390, 327, 447, 393, 306, 396, 371, 345, 390, 371, 304, 451, 367, 313, 440, 411, 344, 395, 388, 364, 455, 388, 328, 448, 393, 305, 398, 371, 345, 391, 371, 303, 450, 368, 313, 436, 414, 345, 397, 386, 362, 453, 390, 328, 448, 392, 304, 394, 372, 345, 392, 369, 303, 449, 366, 313, 437, 412, 345, 396, 386, 363, 452, 389, 327, 449, 393, 305, 397, 370, 345, 388, 371, 302, 450, 366, 313, 436, 411}
{344, 394, 386, 362, 452, 388, 327, 447, 392, 305, 395, 368, 346, 391, 367, 302, 450, 367, 313, 433, 411, 344, 394, 385}