700
{10940, 3846, 3384, 2203, 1660, 2088, 1828, 1364, 1641, 1480, 1318, 1455, 1193, 1159, 1418, 1217, 1000, 1248, 1130, 945, 1185, 913, 919, 1113, 866, 722, 995, 943, 737, 939, 877, 804, 915, 768, 768, 958, 842, 702, 889, 811, 694, 866, 693, 701, 856, 670, 567, 790, 747, 587, 753, 706, 657, 748, 633, 634, 803, 706, 590, 746, 693, 591, 749, 593, 603, 735, 577, 494, 678, 651, 517, 651, 623, 576, 660, 557, 561, 703, 623, 528, 666, 617, 526, 666, 533, 541, 668, 523, 446, 618, 595, 466, 595, 561, 528, 607, 517, 512, 649, 576}
{484, 618, 570, 487, 623, 490, 502, 613, 485, 411, 576, 556, 437, 553, 529, 493, 564, 485, 479, 601, 538, 456, 574, 532, 457, 577, 462, 475, 580, 456, 391, 538, 521, 415, 524, 503, 466, 537, 459, 453, 573, 514, 431, 545, 510, 437, 545, 439, 451, 548, 435, 372, 519, 498, 393, 497, 480, 446, 511, 440, 435, 551, 492, 414, 526, 483, 418, 524, 422, 433, 528, 422, 359, 496, 478, 380, 484, 463, 428, 490, 419, 421, 528, 473, 398, 505, 469, 404, 506, 407, 419, 512, 408, 347, 478, 464, 365, 463, 448, 416}
{477, 408, 407, 513, 458, 387, 492, 455, 389, 496, 396, 404, 493, 395, 334, 465, 450, 356, 451, 432, 405, 462, 400, 393, 500, 449, 377, 475, 444, 380, 478, 388, 397, 483, 382, 328, 453, 443, 348, 443, 426, 393, 454, 391, 386, 484, 439, 368, 464, 437, 372, 467, 379, 388, 470, 379, 320, 444, 434, 339, 430, 418, 386, 440, 381, 377, 475, 431, 360, 456, 429, 364, 459, 372, 380, 462, 371, 314, 434, 425, 333, 421, 408, 378, 432, 375, 371, 468, 422, 355, 448, 419, 356, 450, 364, 375, 453, 366, 309, 432}
{415, 329, 414, 403, 372, 427, 371, 365, 462, 413, 349, 442, 415, 351, 444, 361, 369, 445, 361, 304, 424, 408, 325, 409, 394, 369, 418, 361, 360, 453, 411, 346, 437, 405, 348, 439, 352, 363, 439, 352, 301, 419, 405, 321, 404, 391, 361, 414, 361, 353, 448, 402, 342, 426, 403, 342, 431, 349, 360, 433, 346, 295, 413, 400, 317, 399, 386, 357, 410, 356, 352, 442, 401, 336, 422, 397, 339, 430, 346, 356, 429, 347, 293, 407, 396, 313, 394, 380, 354, 406, 349, 349, 441, 397, 333, 417, 395, 335, 423, 343}
{350, 426, 342, 290, 402, 390, 311, 391, 379, 350, 401, 346, 344, 436, 393, 330, 415, 390, 334, 419, 341, 349, 421, 340, 286, 399, 389, 308, 389, 376, 348, 398, 342, 342, 429, 390, 328, 410, 388, 329, 417, 339, 345, 418, 336, 284, 395, 385, 306, 383, 370, 346, 397, 342, 340, 427, 387, 324, 408, 385, 328, 416, 334, 343, 414, 334, 283, 392, 384, 303, 380, 371, 343, 392, 340, 337, 422, 383, 321, 404, 382, 324, 410, 331, 339, 411, 332, 279, 390, 380, 302, 378, 367, 338, 391, 338, 332, 420, 381, 319}
{401, 379, 322, 406, 330, 339, 410, 329, 278, 390, 379, 299, 375, 367, 337, 388, 335, 332, 417, 379, 317, 400, 377, 321, 406, 328, 337, 406, 326, 276, 387, 372, 298, 372, 364, 335, 387, 334, 328, 417, 377, 316, 396, 376, 319, 402, 328, 334, 403, 325, 275, 385, 373, 294, 370, 362, 333, 382, 330, 328, 415, 373, 314, 395, 374, 317, 400, 325, 331, 401, 322, 274, 381, 370, 293, 369, 360, 332, 379, 331, 326, 412, 371, 312, 393, 368, 315, 398, 325, 331, 400, 320, 273, 382, 370, 291, 367, 359, 329, 381}
{327, 325, 411, 372, 311, 390, 365, 314, 399, 322, 330, 400, 318, 272, 376, 370, 292, 365, 358, 328, 376, 328, 323, 409, 370, 310, 390, 369, 313, 395, 320, 328, 397, 321, 270, 377, 367, 291, 365, 353, 328, 378, 327, 322, 408, 370, 309, 388, 366, 311, 393, 321, 327, 395, 316, 268, 376, 368, 288, 364, 356, 327, 378, 326, 322, 404, 365, 308, 388, 363, 311, 395, 321, 325, 394, 318, 268, 375, 367, 288, 361, 351, 324, 376, 325, 321, 404, 368, 306, 388, 361, 309, 392, 317, 324, 394, 316, 267, 371, 361}
{286, 360, 350, 323, 373, 321, 318, 402, 366, 305, 385, 364, 309, 392, 316, 323, 391, 314, 267, 373, 362, 286, 358, 350, 323, 370, 323, 318, 400, 365, 304, 382, 359, 308, 388, 317, 322, 390, 315, 266, 369, 363, 286, 358, 349, 322, 370, 319, 317, 400, 361, 303, 382, 359, 307, 386, 314, 321, 388, 314, 266, 370, 359, 285, 357, 348, 321, 372, 322, 317, 398, 361, 302, 382, 357, 306, 388, 316, 321, 388, 314, 265, 370, 359, 285, 356, 348, 320, 367, 318, 316, 397, 359, 301, 379, 360, 306, 384, 312, 320}
{388, 313, 265, 366, 361, 282, 357, 347, 320, 366, 317, 316, 396, 360, 302, 381, 355, 306, 383, 312, 319, 385, 308, 264, 369, 358, 282, 356, 347, 318, 370, 319, 314, 396, 357, 301, 380, 356, 304, 385, 313, 318, 385, 309, 263, 367, 359, 281, 353, 343, 318, 365, 318, 313, 395, 359, 300, 376, 356, 304, 381, 313, 317, 383, 308, 262, 363, 355, 281, 352, 342, 317, 366, 317, 312, 393, 357, 299, 377, 357, 303, 380, 312, 317, 382, 310, 262, 367, 357, 282, 355, 345, 316, 363, 317, 312, 393, 354, 300, 375}
{353, 302, 383, 310, 316, 383, 307, 261, 367, 356, 281, 353, 341, 316, 365, 315, 311, 393, 357, 299, 374, 353, 301, 381, 311, 315, 381, 308, 260, 361, 354, 280, 353, 341, 315, 363, 316, 311, 391, 354, 297, 376, 356, 301, 382, 309, 314, 381, 308, 260, 361, 355, 280, 350, 341, 314, 363, 311, 310, 390, 354, 296, 374, 354, 299, 378, 310, 314, 381, 308, 260, 360, 354, 280, 349, 342, 314, 364, 314, 310, 392, 355, 297, 372, 354, 300, 380, 309, 314, 382, 307, 260, 359, 354, 278, 349, 341, 314, 360, 313}
{309, 389, 353, 296, 372, 352, 300, 381, 309, 314, 381, 307, 259, 361, 352, 277, 351, 339, 313, 361, 312, 309, 391, 355}